-0.94239
0.02143
1.13682
0.13406
1.74307
-1.57809
-0.54745
0.64687
0.83732
0.91296
0.8377
0.99215
0.68695
1.24575
0.07419
1.78822
-1.75547
-1.12522
-0.37277
0.94348
0.41802
1.5283
-0.7903
1.25392
-0.3894
1.64454
-1.40135
-0.05041
0.99706
0.41076
1.55039
-0.86049
1.14467
-0.14841
1.74137
-1.65691
-0.80293
0.27824
1.10171
0.28971
1.66658
-1.27057
0.30562
0.94542
0.61786
1.32187
-0.14199
1.7964
-1.84965
-1.4623
-1.27321
-0.63975
0.62876
0.83273
0.91518
0.83226
1.0019
0.66587
1.27719
-0.01145
1.80303
-1.83433
-1.40387
-1.10116
-0.21371
1.04398
0.26599
1.66244
-1.26392
0.32125
0.93763
0.63723
1.29522
-0.06643
1.80415
-1.8549
-1.47941
-1.32511
-0.77974
0.41447
1.01429
0.51555
1.4585
-0.55254
1.55224
-1.15523
0.55112
0.7697
0.99291
0.66504
1.27559
-0.00761
1.80262
-1.83172
-1.3944
-1.07387
-0.15152
1.07488
0.21918
1.69442
-1.38532
0.00921
1.00432
0.41411
1.54981
-0.85768
1.14933
-0.15826
1.73975
-1.65422
-0.79451
0.29249
1.0961
0.30632
1.655
-1.22712
0.41067
0.88322
0.76313
1.1026
0.43321
1.5631
-0.89333
1.09089
-0.03804
1.74582
-1.6393
-0.74355
0.37534
1.05605
0.41736
1.56263
-0.8966
1.08489
-0.02597
1.74479
-1.6321
-0.7203
0.41154
1.03455
0.47318
1.50647
-0.7075
1.37139
-0.67295
1.37855
-0.68229
1.36804
-0.65623
1.39978
-0.73625
1.29787
-0.48535
1.5738
-1.20245
0.44626
0.86012
0.81407
1.01533
0.63333
1.32349
-0.14163
1.79699
-1.85166
-1.46954
-1.29504
-0.698
0.54428
0.91436
0.74724
1.13594
0.3538
1.63561
-1.14907
0.59032
0.72681
1.06885
0.49561
1.49503
-0.66643
1.42438
-0.8088
1.19316
-0.24627
1.7173
-1.60299
-0.6344
0.53664
0.9417
0.69419
1.22061
0.13838
1.76703
-1.66089
-0.80844
0.26815
1.10556
0.27818
1.67429
-1.29978
0.23285
0.97585
0.53758
1.42376
-0.44582
1.64837
-1.43088
-0.13291
0.97307
0.43326
1.52421
-0.77323
1.27937
-0.44876
1.60242
-1.28239
0.25621
0.96964
0.55666
1.40103
-0.37588
1.69902
-1.57944
-0.56493
0.62701
0.85737
0.87302
0.91505
0.84459
0.98118
0.71065
1.20933
0.17072
1.75365
-1.60409
-0.62701
0.54563
0.93418
0.71099
1.19475
0.20588
1.73604
-1.53206
-0.4064
0.79522
0.6657
1.21541
0.1425
1.76432
-1.65007
-0.77343
0.32679
1.08118
0.34908
1.6225
-1.10777
0.6796
0.62581
1.23224
0.08933
1.78169
-1.72763
-1.03018
-0.15957
1.08548
0.19386
1.70807
-1.43933
-0.13925
0.96881
0.43963
1.51737
-0.75051
1.31195
-0.52636
1.53653
-1.09884
0.67352
0.63672
1.21664
0.1308
1.76789
-1.66618
-0.82579
0.23822
1.11552
0.24709
1.6936
-1.37416
0.03976
1.00617
0.41955
1.54583
-0.84373
1.17187
-0.2064
1.72896
-1.63122
-0.7222
0.40906
1.03601
0.4694
1.51047
-0.72069
1.35374
-0.62882
1.43071
-0.81557
1.18405
-0.22665
1.72385
-1.61964
-0.68607
0.46342
0.99942
0.56018
1.40603
-0.38886
1.69059
-1.55477
-0.49012
0.71335
0.76409
1.05016
0.54638
1.43652
-0.47966
1.62088
-1.35114
0.08068
1.00815
0.42784
1.5394
-0.82139
1.20713
-0.28358
1.70172
-1.56093
-0.50598
0.69571
0.7842
1.01375
0.62757
1.33028
-0.16138
1.79304
-1.84341
-1.44026
-1.20736
-0.4698
0.83708
0.57836
1.33663
-0.19307
1.78371
-1.81955
-1.35566
-0.96369
0.08459
1.12374
0.1826
1.72378
-1.49664
-0.30278
0.87933
0.55594
1.37473
-0.3031
1.74055
-1.70045
-0.94935
0.0086
1.13512
0.13408
1.74256
-1.57629
-0.54191
0.65345
0.83044
0.92641
0.8109
1.04037
0.5809
1.39467
-0.35084
1.71532
-1.62756
-0.71435
0.42144
1.02808
0.48948
1.48883
-0.64978
1.44444
-0.86133
1.11144
-0.07371
1.748
-1.65762
-0.8033
0.27743
1.10204
0.28873
1.66725
-1.27311
0.29937
0.94844
0.61027
1.33211
-0.17143
1.79024
-1.8364
-1.4153
-1.13399
-0.29053
0.9954
0.34203
1.60164
-1.04263
0.81341
0.44558
1.46548
-0.59397
1.50685
-1.02878
0.81366
0.44932
1.4622
-0.58325
1.51849
-1.06077
0.75031
0.53881
1.35478
-0.25378
1.76203
-1.76088
-1.1521
-0.43561
0.88462
0.50677
1.42857
-0.46878
1.62882
-1.37368
0.02166
1.00743
0.41159
1.55282
-0.86779
1.13279
-0.12355
1.74457
-1.6606
-0.81421
0.25888
1.10872
0.26841
1.68057
-1.32381
0.1717
0.99338
0.48472
1.48306
-0.63407
1.46288
-0.91024
1.03033
0.08534
1.72182
-1.51905
-0.37097
0.82666
0.62533
1.27696
-0.02302
1.80256
-1.83612
-1.41057
-1.12054
-0.25879
1.01687
0.30835
1.62998
-1.14434
0.59949
0.71731
1.08531
0.45729
1.53648
-0.80359
1.23519
-0.34677
1.67031
-1.47396
-0.25146
0.91458
0.50811
1.4362
-0.49025
1.61052
-1.32084
0.15854
0.99861
0.47033
1.49837
-0.68401
1.40164
-0.74979
1.27831
-0.43901
1.61076
-1.30626
0.19691
0.98935
0.50026
1.46654
-0.58067
1.52279
-1.07309
0.72532
0.57198
1.31043
-0.12563
1.79735
-1.84814
-1.45642
-1.25561
-0.59348
0.6911
0.76434
1.04312
0.5612
1.41799
-0.42233
1.66703
-1.4857
-0.28719
0.89181
0.53851
1.39754
-0.37158
1.70119
-1.58554
-0.58357
0.60379
0.88037
0.82609
1.00169
0.66445
1.27901
-0.01653
1.80343
-1.83731
-1.4147
-1.13256
-0.28711
0.9978
0.33826
1.60492
-1.05428
0.78996
0.47967
1.4269
-0.47215
1.62515
-1.36274
0.05048
1.00863
0.41781
1.54802
-0.85104
1.16015
-0.18125
1.73519
-1.64527
-0.76635
0.33913
1.07509
0.36592
1.60863
-1.0579
0.78344
0.48886
1.41605
-0.43854
1.6525
-1.44231
-0.16451
0.96024
0.44858
1.50685
-0.71602
1.35937
-0.64269
1.41476
-0.77436
1.2448
-0.36184
1.66252
-1.45251
-0.19102
0.94776
0.46445
1.48862
-0.65665
1.4354
-0.83737
1.14943
-0.15239
1.7416
-1.6589
-0.80948
0.26707
1.10583
0.27726
1.67487
-1.30202
0.2272
0.97777
0.53212
1.43018
-0.46578
1.6321
-1.38349
-0.00441
1.00493
0.40879
1.55438
-0.87345
1.1234
-0.10407
1.74619
-1.6604
-0.81308
0.26078
1.10807
0.27042
1.67929
-1.31891
0.18428
0.99037
0.49445
1.47263
-0.6003
1.50142
-1.01436
0.84149
0.40758
1.50632
-0.72674
1.34375
-0.60369
1.45868
-0.88885
1.06754
0.0137
1.74007
-1.60375
-0.63
0.54198
0.93726
0.70414
1.20537
0.17834
1.74981
-1.58832
-0.57781
0.60964
0.875
0.83727
0.98148
0.70787
1.21337
0.16011
1.75838
-1.62386
-0.68939
0.45758
1.0038
0.54966
1.41902
-0.42872
1.66191
-1.47055
-0.24395
0.91932
0.50166
1.44413
-0.51503
1.58799
-1.25622
0.31832
0.94181
0.62849
1.30754
-0.10111
1.80204
-1.85768
-1.49035
-1.35844
-0.87245
0.2513
1.09511
0.29612
1.66085
-1.24958
0.3568
0.91782
0.68465
1.2266
0.12085
1.77337
-1.6886
-0.89935
0.10459
1.13926
0.15347
1.73822
-1.55538
-0.47773
0.72517
0.75082
1.07382
0.49215
1.49994
-0.68216
1.40463
-0.75764
1.26737
-0.41351
1.62922
-1.3584
0.06351
1.00845
0.42209
1.54437
-0.83847
1.18029
-0.22462
1.72363
-1.6183
-0.6818
0.46967
0.99487
0.57112
1.39228
-0.34711
1.7172
-1.6329
-0.73121
0.39546
1.04425
0.44818
1.53241
-0.79383
1.24956
-0.37955
1.65081
-1.41904
-0.09844
0.9846
0.42104
1.53811
-0.81947
1.20991
-0.28972
1.69904
-1.55364
-0.48408
0.71957
0.75699
1.06284
0.51748
1.47107
-0.5888
1.51464
-1.05077
0.77027
0.51145
1.3895
-0.35728
1.7092
-1.60855
-0.65466
0.50885
0.96467
0.64207
1.29715
-0.06997
1.80425
-1.8563
-1.48458
-1.34088
-0.82334
0.33986
1.0575
0.40365
1.57431
-0.93736
1.01365
0.11131
1.7117
-1.47653
-0.24663
0.91621
0.50657
1.43825
-0.49661
1.60486
-1.30455
0.1996
0.98879
0.50217
1.46447
-0.57401
1.52985
-1.09266
0.68506
0.6229
1.23752
0.07543
1.78557
-1.74562
-1.09151
-0.29507
1.00548
0.32049
1.61893
-1.1048
0.68509
0.61921
1.24211
0.06293
1.78867
-1.76046
-1.14263
-0.41375
0.90602
0.475
1.46618
-0.58718
1.51508
-1.05161
0.76863
0.51372
1.38668
-0.34877
1.71436
-1.62368
-0.70202
0.44007
1.01574
0.5203
1.45401
-0.53805
1.56671
-1.19599
0.45963
0.84994
0.83549
0.97695
0.71622
1.20012
0.19459
1.74217
-1.55679
-0.48093
0.72167
0.75491
1.06661
0.50882
1.48109
-0.62098
1.47871
-0.95288
0.95564
0.22089
1.6579
-1.26236
0.32381
0.93644
0.64023
1.29103
-0.0547
1.80432
-1.85197
-1.46851
-1.29212
-0.69013
0.55608
0.90373
0.77009
1.09808
0.44525
1.55118
-0.85258
1.15847
-0.17782
1.73592
-1.64677
-0.77107
0.33143
1.07884
0.35554
1.61724
-1.0888
0.71968
0.57542
1.3048
-0.10986
1.79937
-1.85069
-1.46523
-1.2821
-0.66334
0.59535
0.86656
0.84768
0.96141
0.74999
1.14595
0.3318
1.65369
-1.21515
0.43952
0.86228
0.80834
1.02527
0.61132
1.35387
-0.22957
1.77346
-1.79403
-1.26649
-0.72222
0.51845
0.93454
0.70217
1.20732
0.17303
1.75226
-1.59849
-0.60951
0.56895
0.91344
0.75631
1.12203
0.38794
1.60612
-1.04323
0.81351
0.44522
1.46583
-0.59509
1.50562
-1.02542
0.82021
0.43964
1.47278
-0.6172
1.4809
-0.95823
0.94606
0.2375
1.64741
-1.22273
0.41916
0.87748
0.77577
1.08143
0.48324
1.51091
-0.71786
1.35795
-0.63938
1.41858
-0.78418
1.23063
-0.32971
1.68048
-1.50293
-0.33467
0.85712
0.58495
1.33497
-0.18666
1.78565
-1.82454
-1.37325
-1.01318
-0.01852
1.1157
0.16965
1.72593
-1.50793
-0.33608
0.85467
0.58871
1.32982
-0.17181
1.78943
-1.83359
-1.40524
-1.10477
-0.22209
1.03924
0.27334
1.65706
-1.24383
0.36999
0.90995
0.70298
1.19881
0.19376
1.7421
-1.55679
-0.48095
0.72165
0.75494
1.06656
0.50893
1.48096
-0.62057
1.47918
-0.95413
0.95338
0.22482
1.65547
-1.25313
0.3463
0.92414
0.66986
1.24852
0.06215
1.7907
-1.76795
-1.16842
-0.47559
0.84328
0.56619
1.35241
-0.23916
1.76853
-1.77944
-1.21584
-0.59209
0.70468
0.7458
1.07518
0.48772
1.50468
-0.69775
1.38454
-0.70629
1.33652
-0.57817
1.48667
-0.96365
0.93739
0.25221
1.6376
-1.18608
0.50448
0.80967
0.91578
0.82425
1.01535
0.63635
1.31966
-0.13061
1.79884
-1.85501
-1.48141
-1.33109
-0.79622
0.38671
1.03159
0.47184
1.50685
-0.70904
1.36932
-0.66775
1.3849
-0.69828
1.34788
-0.60626
1.45681
-0.88418
1.07527
-0.00147
1.74258
-1.61703
-0.672
0.48331
0.98481
0.59514
1.36126
-0.25448
1.76362
-1.76669
-1.17211
-0.48385
0.83426
0.57886
1.3352
-0.1891
1.7848
-1.82225
-1.36514
-0.99028
0.02979
1.12203
0.16999
1.72771
-1.51398
-0.35384
0.84061
0.60723
1.30345
-0.09681
1.80166
-1.85503
-1.48064
-1.32881
-0.78993
0.39737
1.02512
0.48835
1.48905
-0.65076
1.44323
-0.85813
1.11658
-0.08418
1.74789
-1.66036
-0.81243
0.26184
1.10771
0.27154
1.67858
-1.31617
0.19127
0.98857
0.50012
1.46645
-0.58044
1.52302
-1.07372
0.72402
0.57368
1.3081
-0.11903
1.79826
-1.84946
-1.46102
-1.2694
-0.62969
0.64267
0.81807
0.94357
0.7751
1.1023
0.43747
1.55931
-0.8802
1.11304
-0.08291
1.74704
-1.65701
-0.80157
0.28038
1.10092
0.2921
1.66495
-1.26445
0.32066
0.93784
0.63665
1.29603
-0.06869
1.80409
-1.85535
-1.48108
-1.33021
-0.79377
0.39086
1.02909
0.47823
1.50003
-0.68662
1.39856
-0.74197
1.28905
-0.46425
1.59119
-1.25116
0.33195
0.93446
0.64637
1.28255
-0.03102
1.8038
-1.84301
-1.43554
-1.19368
-0.43554
0.8722
0.5286
1.40224
-0.38771
1.69035
-1.55361
-0.48659
0.71714
0.75973
1.05796
0.52864
1.45792
-0.54695
1.55822
-1.17214
0.51356
0.80462
0.92666
0.80269
1.05368
0.55057
1.43298
-0.46826
1.63062
-1.37942
0.0064
1.00613
0.40961
1.55406
-0.87221
1.12547
-0.10834
1.7459
-1.66068
-0.81408
0.25907
1.10866
0.26859
1.68045
-1.32335
0.17288
0.99311
0.4856
1.48212
-0.63101
1.46647
-0.91983
1.01385
0.11617
1.71066
-1.4715
-0.23213
0.92467
0.49535
1.45202
-0.53976
1.56426
-1.18884
0.47593
0.83684
0.86248
0.92718
0.81909
1.02724
0.6105
1.35547
-0.23414
1.77182
-1.78958
-1.25105
-0.682
0.57957
0.8795
0.82034
1.01089
0.64419
1.30828
-0.09834
1.80281
-1.85964
-1.49741
-1.38013
-0.93398
0.13364
1.12195
0.20133
1.71605
-1.46443
-0.20975
0.93667
0.47972
1.47087
-0.59955
1.5018
-1.01527
0.83977
0.41021
1.50366
-0.71793
1.35568
-0.63324
1.42571
-0.80262
1.20351
-0.26923
1.70857
-1.57998
-0.56377
0.62817
0.85627
0.87526
0.91081
0.853
0.96563
0.74347
1.15695
0.30452
1.67435
-1.29211
0.25277
0.96848
0.55789
1.39931
-0.37069
1.70238
-1.58931
-0.59518
0.58897
0.89456
0.79646
1.05403
0.54796
1.43595
-0.47755
1.62273
-1.35652
0.06668
1.0086
0.42273
1.54388
-0.83673
1.18304
-0.2306
1.72173
-1.61355
-0.66702
0.49102
0.97879
0.60927
1.34243
-0.19933
1.783
-1.81887
-1.3534
-0.95735
0.09747
1.1233
0.18745
1.72185
-1.48854
-0.2792
0.89548
0.53435
1.40311
-0.38842
1.69006
-1.55284
-0.4843
0.71961
0.75688
1.06302
0.51706
1.47155
-0.59035
1.51296
-1.04614
0.77948
0.49857
1.40527
-0.4052
1.67739
-1.51521
-0.37265
0.82657
0.62499
1.27736
-0.02416
1.80263
-1.83671
-1.4127
-1.12674
-0.27335
1.00726
0.32343
1.61757
-1.09951
0.69635
0.60524
1.26259
0.00745
1.79872
-1.81316
-1.32794
-0.88737
0.23419
1.09894
0.28258
1.66983
-1.28355
0.27344
0.96017
0.58011
1.37152
-0.28703
1.74907
-1.72535
-1.03211
-0.16287
1.08384
0.19643
1.70657
-1.43344
-0.12279
0.97489
0.43275
1.52519
-0.77638
1.27479
-0.43799
1.6106
-1.30542
0.19906
0.98875
0.50209
1.46453
-0.57423
1.52962
-1.09201
0.6864
0.62125
1.23997
0.06886
1.78725
-1.7536
-1.11895
-0.35813
0.95606
0.39851
1.54801
-0.85678
1.15033
-0.16029
1.7394
-1.65362
-0.79263
0.29565
1.0948
0.31011
1.65227
-1.21698
0.43465
0.86599
0.80046
1.03907
0.58047
1.39477
-0.35125
1.71505
-1.62679
-0.71192
0.42514
1.02568
0.49552
1.48217
-0.62816
1.47006
-0.92954
0.99698
0.14716
1.69744
-1.41715
-0.07908
0.9886
0.41894
1.54107
-0.82921
1.19473
-0.25615
1.71281
-1.59056
-0.59603
0.58758
0.89594
0.79356
1.05904
0.53651
1.44987
-0.52117
1.58334
-1.24333
0.34913
0.92511
0.66892
1.25008
0.05798
1.79166
-1.77266
-1.18482
-0.51559
0.79872
0.62737
1.26602
0.00539
1.79978
-1.81758
-1.34367
-0.93073
0.15064
1.11809
0.21507
1.70917
-1.43675
-0.1315
0.97168
0.43638
1.52107
-0.76275
1.29453
-0.48463
1.57349
-1.20126
0.44903
0.85799
0.81855
1.00737
0.65077
1.2987
-0.0714
1.80451
-1.85769
-1.48965
-1.35636
-0.8666
0.2621
1.09132
0.30764
1.65275
-1.2193
0.42914
0.87005
0.79175
1.05414
0.54631
1.43778
-0.48333
1.61773
-1.34205
0.10421
1.00652
0.43817
1.52996
-0.78933
1.25595
-0.39421
1.64138
-1.3924
-0.02636
1.00159
0.40892
1.55326
-0.86994
1.12917
-0.11602
1.74529
-1.66085
-0.81483
0.25779
1.10909
0.26725
1.68131
-1.32662
0.16447
0.99496
0.47939
1.48868
-0.65234
1.44105
-0.85234
1.12583
-0.1032
1.7471
-1.66332
-0.82249
0.24451
1.11347
0.25355
1.68975
-1.3592
0.07949
1.00592
0.43197
1.53518
-0.80717
1.22903
-0.33266
1.67805
-1.49564
-0.31351
0.87302
0.56379
1.36405
-0.2715
1.7555
-1.74324
-1.09225
-0.29597
1.00473
0.32173
1.6179
-1.10109
0.69296
0.60948
1.25643
0.02423
1.79634
-1.79957
-1.27955
-0.75713
0.46289
0.97859
0.60122
1.35212
-0.22785
1.77372
-1.79443
-1.26787
-0.72583
0.51281
0.93928
0.69161
1.22347
0.13061
1.76998
-1.67364
-0.85009
0.19525
1.12685
0.20879
1.71446
-1.45675
-0.18778
0.94771
0.46551
1.48762
-0.65335
1.43942
-0.84792
1.13285
-0.11773
1.746
-1.66382
-0.82449
0.24107
1.11454
0.25012
1.6918
-1.36715
0.05843
1.00644
0.42461
1.54164
-0.82927
1.19481
-0.25635
1.71273
-1.59034
-0.59538
0.58842
0.89514
0.79524
1.05613
0.54315
1.44182
-0.49591
1.60662
-1.31
0.1859
0.99244
0.49082
1.47683
-0.61377
1.48634
-0.97333
0.91853
0.28431
1.61472
-1.10204
0.68992
0.6134
1.25072
0.03971
1.79364
-1.78523
-1.22896
-0.62592
0.65953
0.79724
0.98227
0.69431
1.23261
0.10896
1.77791
-1.70828
-0.96486
-0.02344
1.12999
0.13609
1.74048
-1.56844
-0.51786
0.68129
0.80049
0.98361
0.69266
1.23531
0.10181
1.78023
-1.71867
-0.99976
-0.09513
1.11102
0.15709
1.72863
-1.52103
-0.37495
0.82311
0.63001
1.27002
-0.00394
1.80099
-1.82474
-1.36939
-1.00266
0.00386
1.11919
0.16858
1.72734
-1.51312
-0.35135
0.84262
0.60459
1.30726
-0.10754
1.80061
-1.85446
-1.47886
-1.32335
-0.77492
0.42249
1.00902
0.52862
1.44327
-0.50443
1.59853
-1.28662
0.24417
0.9744
0.5438
1.4166
-0.42362
1.66553
-1.48108
-0.27393
0.90064
0.52667
1.41281
-0.41804
1.66908
-1.49125
-0.30311
0.88075
0.55335
1.37803
-0.31297
1.73546
-1.68572
-0.901
0.10248
1.1392
0.15298
1.73836
-1.55599
-0.47961
0.72317
0.75314
1.06974
0.5016
1.48932
-0.6476
1.44742
-0.86929
1.09855
-0.04761
1.7473
-1.64734
-0.76953
0.33362
1.07784
0.35835
1.61494
-1.08053
0.73693
0.55277
1.33553
-0.1978
1.78153
-1.8132
-1.33324
-0.90148
0.20737
1.10655
0.25775
1.68553
-1.3437
0.12014
1.00246
0.45112
1.51723
-0.74664
1.3177
-0.54032
1.52336
-1.06273
0.74761
0.54226
1.35023
-0.24044
1.76726
-1.77533
-1.20161
-0.55645
0.74988
0.69075
1.16783
0.26339
1.70098
-1.3943
-0.01379
1.00152
0.41282
1.55003
-0.85875
1.14755
-0.1545
1.7404
-1.65532
-0.79798
0.28663
1.09845
0.2994
1.6599
-1.24544
0.36684
0.91179
0.69868
1.20538
0.17666
1.7504
-1.59091
-0.58588
0.59947
0.88487
0.81684
1.01823
0.62826
1.33076
-0.16245
1.79284
-1.843
-1.43881
-1.20308
-0.45903
0.84837
0.56257
1.35803
-0.25547
1.76214
-1.76179
-1.15525
-0.44313
0.87706
0.51782
1.41498
-0.42681
1.66233
-1.47138
-0.24625
0.91795
0.5035
1.44187
-0.50795
1.59455
-1.27497
0.27281
0.96308
0.57432
1.37908
-0.30957
1.73789
-1.69313
-0.92532
0.05585
1.13929
0.13878
1.74252
-1.57476
-0.53711
0.65909
0.82447
0.93798
0.78753
1.08118
0.4873
1.50689
-0.70454
1.37569
-0.68389
1.36501
-0.64841
1.40907
-0.75999
1.26514
-0.40857
1.63261
-1.36799
0.03838
1.00813
0.41519
1.55006
-0.85812
1.14865
-0.15684
1.74
-1.65464
-0.79585
0.29024
1.09701
0.30364
1.6569
-1.23424
0.39374
0.8947
0.73763
1.14432
0.33183
1.65318
-1.21347
0.44344
0.85932
0.81461
1.0142
0.63577
1.32005
-0.13181
1.79864
-1.85466
-1.48016
-1.32727
-0.7857
0.4045
1.02067
0.49958
1.47662
-0.61053
1.49024
-0.98398
0.89886
0.31686
1.58925
-1.01067
0.87532
0.35061
1.55967
-0.90739
1.06454
0.01453
1.73915
-1.60029
-0.61917
0.55654
0.92451
0.73223
1.16119
0.29132
1.68349
-1.32674
0.1648
0.99482
0.47978
1.48826
-0.65099
1.4427
-0.85667
1.11893
-0.08901
1.74776
-1.66136
-0.81578
0.2561
1.10968
0.26544
1.68245
-1.331
0.15318
0.99724
0.47147
1.49688
-0.67922
1.40773
-0.76547
1.25637
-0.38811
1.64628
-1.40667
-0.06484
0.99379
0.41292
1.54763
-0.8513
1.15959
-0.18003
1.73547
-1.64585
-0.76818
0.33614
1.07655
0.36188
1.61201
-1.07002
0.75866
0.52343
1.37362
-0.3098
1.73611
-1.68702
-0.90521
0.0945
1.13951
0.14987
1.73939
-1.56052
-0.49342
0.70838
0.77017
1.03935
0.57079
1.406
-0.3856
1.69311
-1.56231
-0.51288
0.68826
0.79244
0.99852
0.66069
1.28305
-0.028
1.80413
-1.84329
-1.43647
-1.19642
-0.44236
0.86539
0.53839
1.38975
-0.34989
1.71451
-1.62449
-0.70463
0.43615
1.01839
0.51374
1.46159
-0.56213
1.54249
-1.1279
0.61058
0.70882
1.10075
0.421
1.57299
-0.92799
1.03074
0.07918
1.72295
-1.52481
-0.38815
0.81189
0.64438
1.24834
0.05496
1.79148
-1.77292
-1.1858
-0.51799
0.79595
0.63107
1.26053
0.02038
1.79774
-1.80577
-1.3015
-0.81562
0.36431
1.04259
0.4423
1.53715
-0.81013
1.22483
-0.32324
1.68296
-1.50934
-0.3532
0.84245
0.60432
1.30753
-0.10833
1.80052
-1.85438
-1.47857
-1.32249
-0.77254
0.42643
1.00639
0.5351
1.43558
-0.48037
1.61992
-1.34825
0.08819
1.00775
0.4309
1.53665
-0.81201
1.22164
-0.316
1.68663
-1.51954
-0.383
0.81745
0.63687
1.25963
0.0244
1.79729
-1.80294
-1.29142
-0.78864
0.41062
1.0148
0.51336
1.4609
-0.56022
1.54442
-1.13331
0.59893
0.72129
1.07942
0.47123
1.52177
-0.75441
1.3074
-0.51562
1.54636
-1.1259
0.61625
0.70247
1.11141
0.3955
1.597
-1.01177
0.87542
0.35011
1.56005
-0.90873
1.06222
0.01906
1.7383
-1.59598
-0.60567
0.57437
0.9084
0.76712
1.10404
0.43123
1.56526
-0.90066
1.07839
-0.01311
1.74334
-1.62318
-0.69171
0.45458
1.00585
0.54465
1.42511
-0.44755
1.64723
-1.42764
-0.12398
0.97634
0.42957
1.52837
-0.78704
1.25908
-0.4014
1.6366
-1.37889
0.00964
1.00624
0.41037
1.55347
-0.87014
1.12889
-0.11544
1.74534
-1.66085
-0.81481
0.25782
1.10908
0.26728
1.68128
-1.32653
0.1647
0.99491
0.47955
1.4885
-0.65178
1.44174
-0.85414
1.12296
-0.09729
1.74742
-1.66268
-0.82027
0.24836
1.11224
0.25744
1.6874
-1.35008
0.1035
1.00426
0.4425
1.52547
-0.77431
1.27809
-0.4458
1.60469
-1.28877
0.24048
0.97554
0.54047
1.42056
-0.43584
1.65621
-1.45379
-0.19664
0.9452
0.46761
1.4849
-0.64464
1.44991
-0.87562
1.08826
-0.02699
1.74575
-1.63574
-0.73191
0.39358
1.04552
0.44496
1.53566
-0.80477
1.23304
-0.34183
1.67307
-1.4817
-0.27353
0.90067
0.52673
1.41275
-0.41786
1.66922
-1.49166
-0.30429
0.87991
0.55447
1.37653
-0.3085
1.73779
-1.69245
-0.92305
0.06024
1.13946
0.13971
1.74232
-1.57375
-0.534
0.66271
0.82061
0.94541
0.77238
1.10705
0.42615
1.57051
-0.91867
1.04721
0.04776
1.73188
-1.56508
-0.50992
0.69046
0.7903
1.00257
0.65195
1.29574
-0.06336
1.80471
-1.85598
-1.48324
-1.33678
-0.81196
0.35968
1.04704
0.43161
1.54782
-0.84627
1.16818
-0.19852
1.73104
-1.63607
-0.7374
0.38542
1.05023
0.43264
1.54789
-0.84618
1.16835
-0.19889
1.73095
-1.63585
-0.73671
0.38651
1.0496
0.4343
1.54627
-0.84065
1.17719
-0.21797
1.72565
-1.62325
-0.69724
0.44689
1.01112
0.5317
1.44063
-0.49589
1.60628
-1.30889
0.18869
0.99173
0.49308
1.47439
-0.60591
1.49519
-0.99736
0.87382
0.35723
1.55454
-0.88942
1.0953
-0.04651
1.74643
-1.64396
-0.75867
0.35123
1.06904
0.38253
1.59438
-1.0073
0.88366
0.33696
1.57155
-0.94869
0.99145
0.15243
1.6942
-1.40459
-0.0446
0.99664
0.41334
1.54814
-0.85274
1.15727
-0.17511
1.73652
-1.64803
-0.77506
0.32487
1.08194
0.34686
1.62427
-1.11419
0.66587
0.64236
1.20713
0.15554
1.75795
-1.62372
-0.68908
0.45805
1.00346
0.55048
1.41801
-0.42562
1.66426
-1.47743
-0.26353
0.90732
0.5177
1.42418
-0.45298
1.64207
-1.41228
-0.08191
0.98961
0.41611
1.54374
-0.8383
1.18038
-0.22478
1.72359
-1.61819
-0.68145
0.47017
0.9945
0.57202
1.39115
-0.34369
1.71922
-1.63883
-0.74999
0.36586
1.06115
0.40372
1.57535
-0.94063
1.00783
0.12209
1.70744
-1.45873
-0.19567
0.94409
0.46999
1.48234
-0.63633
1.45979
-0.90188
1.04455
0.05836
1.72996
-1.55525
-0.47981
0.72321
0.75303
1.06991
0.50119
1.48978
-0.64908
1.44563
-0.86457
1.10622
-0.06308
1.74789
-1.65403
-0.79144
0.29741
1.09411
0.31214
1.65081
-1.21152
0.44746
0.85632
0.82095
1.00294
0.66039
1.28476
-0.0325
1.80437
-1.84551
-1.4446
-1.22051
-0.50302
0.80081
0.62779
1.26612
0.00526
1.79981
-1.81774
-1.34422
-0.93225
0.14764
1.11853
0.21319
1.71011
-1.44051
-0.14203
0.96767
0.441
1.51582
-0.74542
1.3191
-0.54365
1.52018
-1.05404
0.76506
0.51848
1.3807
-0.33079
1.72479
-1.65414
-0.79873
0.28579
1.09871
0.29858
1.66046
-1.24756
0.36172
0.91489
0.6915
1.21629
0.14808
1.76296
-1.6436
-0.75255
0.36059
1.06421
0.39563
1.58274
-0.96637
0.96095
0.20667
1.66557
-1.29212
0.25009
0.96982
0.55448
1.40349
-0.38344
1.69402
-1.56473
-0.52017
0.68
0.80154
0.98153
0.69707
1.22855
0.11979
1.77422
-1.69191
-0.91029
0.08381
1.13989
0.14579
1.74071
-1.56634
-0.51121
0.68876
0.79224
0.99898
0.65971
1.28447
-0.03196
1.80432
-1.84516
-1.44332
-1.21671
-0.49339
0.81156
0.61336
1.28726
-0.05302
1.80337
-1.84803
-1.45422
-1.24916
-0.57668
0.71269
0.73906
1.08759
0.45886
1.53573
-0.8008
1.23943
-0.35643
1.66479
-1.45844
-0.20761
0.93937
0.47531
1.47589
-0.61566
1.48373
-0.96615
0.93167
0.26214
1.63078
-1.16081
0.56176
0.75618
1.01672
0.61313
1.34908
-0.21608
1.77803
-1.80623
-1.30905
-0.83547
0.32928
1.06094
0.3932
1.58368
-0.97007
0.95406
0.21874
1.65837
-1.26457
0.31836
0.93927
0.63328
1.30074
-0.08195
1.80351
-1.85722
-1.48823
-1.35198
-0.85433
0.28452
1.08275
0.33302
1.63393
-1.14981
0.58812
0.72917
1.06474
0.50507
1.48433
-0.6317
1.46625
-0.9194
1.01458
0.11481
1.71119
-1.47373
-0.23853
0.92099
0.50023
1.44607
-0.52105
1.58233
-1.24009
0.35689
0.92061
0.67955
1.2344
0.10013
1.78029
-1.7194
-1.00225
-0.10032
1.10926
0.15944
1.72736
-1.51593
-0.35983
0.83574
0.61359
1.29423
-0.07096
1.80323
-1.85294
-1.47242
-1.30391
-0.72192
0.50766
0.94571
0.67793
1.24412
0.07555
1.78753
-1.75259
-1.1153
-0.34966
0.96315
0.38745
1.55883
-0.8937
1.08894
-0.03391
1.74553
-1.63706
-0.7363
0.38675
1.04954
0.43449
1.54608
-0.84001
1.17821
-0.22018
1.72498
-1.62162
-0.69217
0.45441
1.00586
0.54457
1.4252
-0.44782
1.64702
-1.42702
-0.12227
0.97694
0.4289
1.52913
-0.78956
1.25533
-0.39271
1.64237
-1.39521
-0.0339
1.00029
0.40925
1.5526
-0.86778
1.13273
-0.12342
1.74459
-1.66061
-0.81425
0.25881
1.10874
0.26833
1.68062
-1.32399
0.17123
0.99348
0.48436
1.48344
-0.63529
1.46144
-0.9064
1.03686
0.07299
1.72573
-1.53625
-0.42235
0.78074
0.68373
1.18673
0.2168
1.72902
-1.50447
-0.32471
0.86322
0.57743
1.34554
-0.21725
1.77647
-1.801
-1.29068
-0.78615
0.41477
1.01212
0.52004
1.45319
-0.53576
1.56892
-1.20225
0.44528
0.86105
0.81218
1.01868
0.62594
1.33381
-0.17126
1.79081
-1.83838
-1.42241
-1.15477
-0.34022
0.95782
0.40051
1.54694
-0.85286
1.15672
-0.17385
1.73679
-1.6486
-0.77684
0.32194
1.0833
0.34303
1.62732
-1.12526
0.64198
0.67028
1.16331
0.26779
1.69728
-1.38043
0.02359
1.00531
0.41642
1.54819
-0.85196
1.15863
-0.178
1.7359
-1.64676
-0.77105
0.33146
1.07882
0.35558
1.61721
-1.08869
0.71991
0.57512
1.30521
-0.11103
1.79923
-1.85055
-1.46478
-1.28074
-0.65974
0.60052
0.86145
0.85805
0.94218
0.78971
1.07902
0.49263
1.50102
-0.68526
1.40072
-0.7476
1.28131
-0.44604
1.60544
-1.29125
0.2343
0.97773
0.53434
1.4278
-0.45832
1.63828
-1.40147
-0.05262
0.99679
0.41062
1.55043
-0.86064
1.14443
-0.14791
1.74145
-1.65703
-0.8033
0.2776
1.10195
0.28899
1.66707
-1.27242
0.30107
0.94763
0.61232
1.32935
-0.16349
1.79208
-1.84059
-1.43015
-1.1775
-0.39555
0.91029
0.47271
1.46963
-0.59801
1.50327
-1.01924
0.83214
0.42177
1.49175
-0.67879
1.40677
-0.76264
1.26041
-0.39743
1.64017
-1.38939
-0.01837
1.00284
0.40879
1.55374
-0.87147
1.12666
-0.1108
1.74572
-1.66078
-0.81448
0.25839
1.10889
0.26788
1.68091
-1.32508
0.16843
0.99411
0.48228
1.48564
-0.64244
1.45296
-0.88383
1.07474
-2.06013E-4
1.74242
-1.61609
-0.66903
0.48757
0.98156
0.60281
1.35109
-0.2246
1.77488
-1.79758
-1.27883
-0.75469
0.46679
0.9757
0.60804
1.34299
-0.20122
1.78241
-1.81735
-1.34803
-0.94238
0.12751
1.12103
0.20155
1.71568
-1.4631
-0.20597
0.93864
0.47716
1.47392
-0.60928
1.49095
-0.98571
0.89566
0.32208
1.58497
-0.99549
0.90448
0.30326
1.59938
-1.04703
0.80354
0.46022
1.44926
-0.54229
1.56069
-1.17846
0.49945
0.81701
0.90232
0.85092
0.96664
0.74088
1.16108
0.29415
1.6818
-1.3202
0.1816
0.99096
0.49248
1.47475
-0.60715
1.49379
-0.99356
0.88098
0.3458
1.56472
-0.9246
1.03453
0.07236
1.72512
-1.53434
-0.41667
0.78609
0.67707
1.19741
0.18933
1.74337
-1.56256
-0.49857
0.70266
0.7767
1.02754
0.59716
1.37166
-0.2823
1.7518
-1.73351
-1.0595
-0.2226
1.0526
0.24525
1.67563
-1.31416
0.19567
0.98747
0.50361
1.46262
-0.56817
1.53597
-1.10966
0.64944
0.66533
1.17216
0.24563
1.71132
-1.43491
-0.12558
0.97376
0.43412
1.52366
-0.77131
1.28218
-0.45537
1.59729
-1.26795
0.29148
0.95465
0.59609
1.35107
-0.22658
1.77399
-1.795
-1.26982
-0.73095
0.50477
0.94592
0.67666
1.2459
0.07072
1.78877
-1.75848
-1.13562
-0.39718
0.92156
0.45157
1.49255
-0.67224
1.41585
-0.78632
1.22646
-0.32011
1.68547
-1.51684
-0.37518
0.82419
0.62816
1.27267
-0.01125
1.80168
-1.82941
-1.38624
-1.05048
-0.09938
1.09498
0.19121
1.71193
-1.45336
-0.17866
0.95207
0.45996
1.49406
-0.67422
1.41364
-0.78064
1.23469
-0.33865
1.67573
-1.48965
-0.29634
0.88529
0.54736
1.38598
-0.33675
1.7224
-1.64768
-0.77813
0.32021
1.08402
0.34095
1.62896
-1.13122
0.62904
0.68495
1.13956
0.32689
1.65501
-1.22098
0.4257
0.87248
0.78649
1.06318
0.52559
1.46271
-0.56184
1.54315
-1.12987
0.60634
0.71339
1.09298
0.43942
1.55481
-0.8656
1.13717
-0.13284
1.7435
-1.65966
-0.81142
0.26369
1.10704
0.27357
1.67727
-1.31116
0.20404
0.98502
0.51095
1.45444
-0.54211
1.56245
-1.18388
0.48716
0.82751
0.88137
0.89144
0.88974
0.8958
0.88447
0.90645
0.8637
0.94596
0.78426
1.08872
0.46997
1.52574
-0.76689
1.2896
-0.47313
1.58303
-1.22792
0.38711
0.90177
0.72295
1.16788
0.27295
1.69586
-1.37407
0.0407
1.00612
0.41992
1.5455
-0.84259
1.17368
-0.21031
1.72787
-1.62864
-0.71411
0.42145
1.02815
0.48935
1.48898
-0.65025
1.44387
-0.85983
1.11386
-0.07862
1.74798
-1.659
-0.8079
0.26959
1.10495
0.27997
1.6731
-1.29528
0.24418
0.97179
0.54887
1.41028
-0.40422
1.67969
-1.52262
-0.39448
0.8076
0.64944
1.24051
0.07597
1.78638
-1.74837
-1.10089
-0.31646
0.98959
0.34578
1.59731
-1.02767
0.84309
0.4009
1.51221
-0.74651
1.31639
-0.53682
1.52674
-1.07197
0.72891
0.56711
1.31706
-0.14452
1.79423
-1.84263
-1.437
-1.19776
-0.44572
0.86201
0.54323
1.3835
-0.33111
1.72542
-1.6564
-0.80602
0.27341
1.10344
0.28445
1.67012
-1.28397
0.27244
0.96058
0.57902
1.37291
-0.29119
1.74708
-1.71966
-1.01311
-0.12229
1.10111
0.17086
1.72114
-1.49106
-0.28693
0.89035
0.5412
1.39421
-0.36147
1.7076
-1.60435
-0.64166
0.52697
0.94981
0.67595
1.24803
0.0652
1.79016
-1.7651
-1.15855
-0.45176
0.86835
0.53044
1.39914
-0.37846
1.69651
-1.57168
-0.54124
0.65556
0.82788
0.93129
0.80106
1.05768
0.54163
1.44395
-0.5025
1.60068
-1.29293
0.22854
0.97989
0.52837
1.43479
-0.48011
1.61993
-1.3482
0.08833
1.00774
0.43096
1.53659
-0.81182
1.22192
-0.31664
1.68632
-1.51865
-0.38042
0.81969
0.63399
1.26397
0.01259
1.79903
-1.81274
-1.32631
-0.88292
0.24256
1.09629
0.29092
1.66425
-1.26245
0.32549
0.93532
0.64282
1.28737
-0.04448
1.80423
-1.8486
-1.45606
-1.25469
-0.59105
0.69425
0.7607
1.04961
0.54654
1.43618
-0.47865
1.62174
-1.35365
0.07415
1.00841
0.42536
1.54159
-0.82889
1.19542
-0.2577
1.71222
-1.589
-0.59126
0.59371
0.89013
0.80578
1.03776
0.5848
1.38934
-0.33482
1.7247
-1.65502
-0.8017
0.28077
1.10066
0.29279
1.66447
-1.26264
0.32509
0.93553
0.64232
1.28808
-0.04646
1.80427
-1.84931
-1.45868
-1.26255
-0.61164
0.66713
0.79144
0.99376
0.66987
1.2694
0.00957
1.80073
-1.81976
-1.35129
-0.95191
0.10848
1.12266
0.19218
1.71987
-1.48028
-0.25528
0.91075
0.51395
1.42908
-0.46808
1.62963
-1.37611
0.01521
1.00694
0.41064
1.55345
-0.87002
1.1291
-0.11587
1.7453
-1.66085
-0.81482
0.25782
1.10908
0.26728
1.68129
-1.32655
0.16465
0.99492
0.47952
1.48854
-0.65189
1.4416
-0.85378
1.12353
-0.09846
1.74737
-1.66282
-0.82077
0.24748
1.11252
0.25654
1.68794
-1.35218
0.09799
1.00474
0.43989
1.52792
-0.78259
1.26593
-0.41736
1.62559
-1.34774
0.09126
1.00735
0.43263
1.53504
-0.80655
1.22999
-0.33485
1.67688
-1.49236
-0.30409
0.87982
0.55469
1.37627
-0.3077
1.7382
-1.69365
-0.92699
0.05259
1.13914
0.13815
1.74266
-1.57541
-0.53912
0.65673
0.82697
0.93314
0.79734
1.06419
0.5267
1.46184
-0.55896
1.54611
-1.13815
0.58845
0.73228
1.0603
0.51546
1.47239
-0.59331
1.50971
-1.0372
0.79712
0.47344
1.43499
-0.49718
1.60331
-1.29977
0.2116
0.98529
0.51268
1.45275
-0.53668
1.5678
-1.19899
0.45276
0.85531
0.82428
0.99716
0.67296
1.26627
0.01846
1.79954
-1.8128
-1.3264
-0.88317
0.24209
1.09644
0.29045
1.66457
-1.26367
0.3225
0.93689
0.63899
1.29276
-0.05953
1.80428
-1.8533
-1.47344
-1.307
-0.73028
0.49458
0.9563
0.65386
1.27936
-0.0206
1.80338
-1.83837
-1.41858
-1.14389
-0.31405
0.9782
0.3689
1.57737
-0.95744
0.97652
0.17918
1.68085
-1.3515
0.09769
1.005
0.43927
1.52854
-0.78465
1.26288
-0.41026
1.63055
-1.36177
0.05475
1.00847
0.41941
1.54664
-0.84626
1.16783
-0.1977
1.73126
-1.63658
-0.73901
0.38289
1.05169
0.42881
1.55163
-0.85891
1.14776
-0.15502
1.7403
-1.65514
-0.79739
0.28763
1.09805
0.30057
1.65907
-1.24236
0.37428
0.90721
0.70925
1.18913
0.21875
1.72889
-1.50342
-0.3216
0.86555
0.57435
1.34979
-0.22962
1.77221
-1.78961
-1.25106
-0.68202
0.57953
0.87954
0.82027
1.01102
0.64391
1.30868
-0.09947
1.80271
-1.8596
-1.49731
-1.37983
-0.93312
0.13535
1.12175
0.20229
1.7156
-1.46261
-0.20454
0.93938
0.4762
1.47504
-0.6129
1.48687
-0.97466
0.91611
0.28835
1.61169
-1.09103
0.71317
0.58409
1.29279
-0.07608
1.80205
-1.8502
-1.46264
-1.27438
-0.64284
0.62444
0.83722
0.9064
0.84961
0.97008
0.73382
1.17253
0.26533
1.70136
-1.39501
-0.01565
1.00125
0.4128
1.54997
-0.85857
1.14785
-0.15512
1.74029
-1.65515
-0.79743
0.28756
1.09808
0.30049
1.65913
-1.24257
0.37376
0.90754
0.70851
1.19028
0.21578
1.73052
-1.50997
-0.34085
0.85083
0.59383
1.32262
-0.15116
1.79393
-1.84355
-1.44049
-1.20809
-0.47163
0.83514
0.58105
1.33292
-0.18235
1.78662
-1.82673
-1.38095
-1.03504
-0.06559
1.10519
0.17888
1.71956
-1.48321
-0.26404
0.90532
0.52118
1.41996
-0.43994
1.65244
-1.44254
-0.16519
0.95995
0.44894
1.50644
-0.71468
1.36116
-0.64717
1.40952
-0.76091
1.26388
-0.40565
1.63461
-1.37364
0.0235
1.00736
0.41228
1.55223
-0.86573
1.13618
-0.13063
1.74379
-1.66
-0.81245
0.26193
1.10766
0.27167
1.67849
-1.31583
0.19214
0.98833
0.50084
1.46566
-0.5779
1.52573
-1.08122
0.70869
0.5934
1.28048
-0.04162
1.80241
-1.84118
-1.42921
-1.175
-0.38939
0.91588
0.46435
1.47914
-0.62855
1.46867
-0.92555
1.00396
0.1344
1.70313
-1.44032
-0.14358
0.96729
0.44128
1.51546
-0.74424
1.32075
-0.54765
1.5163
-1.04346
0.78608
0.48904
1.41666
-0.44021
1.65121
-1.43857
-0.15412
0.96468
0.44316
1.51301
-0.73625
1.33184
-0.57468
1.4893
-0.97041
0.9251
0.27308
1.62296
-1.13207
0.62531
0.68937
1.13236
0.34457
1.64098
-1.16945
0.54469
0.77248
0.98668
0.67821
1.25603
0.04584
1.79471
-1.78723
-1.23577
-0.64329
0.63545
0.82322
0.93294
0.79659
1.06533
0.52406
1.46496
-0.5689
1.53584
-1.10949
0.64979
0.66493
1.17281
0.244
1.71231
-1.4388
-0.13645
0.96974
0.43867
1.51849
-0.75423
1.30669
-0.51371
1.54811
-1.13075
0.60584
0.71373
1.09234
0.44092
1.55329
-0.86043
1.14565
-0.15063
1.741
-1.65628
-0.80097
0.28156
1.10043
0.29352
1.66398
-1.26076
0.32968
0.93308
0.64826
1.27969
-0.02312
1.80337
-1.83909
-1.42123
-1.15161
-0.33258
0.96391
0.3911
1.55621
-0.88446
1.10459
-0.06546
1.74709
-1.65197
-0.78487
0.30839
1.08944
0.32564
1.64079
-1.17449
0.53281
0.78376
0.96556
0.72282
1.18719
0.22742
1.72444
-1.48547
-0.26929
0.90184
0.5259
1.41399
-0.42159
1.66646
-1.48355
-0.281
0.89597
0.53293
1.40478
-0.39352
1.68658
-1.54259
-0.45362
0.75145
0.71923
1.12814
0.36307
1.62662
-1.11698
0.66035
0.64885
1.1971
0.1816
1.74615
-1.57457
-0.53542
0.66096
0.82251
0.94176
0.77984
1.09438
0.45628
1.54012
-0.8151
1.21765
-0.30721
1.69092
-1.53137
-0.41782
0.78602
0.67683
1.19771
0.18854
1.74376
-1.56415
-0.50343
0.69731
0.78273
1.01653
0.62149
1.33871
-0.1857
1.78713
-1.82954
-1.39107
-1.06393
-0.12927
1.08411
0.20592
1.70283
-1.41785
-0.07945
0.98833
0.41936
1.54063
-0.82774
1.19703
-0.26121
1.71088
-1.58547
-0.58046
0.60743
0.87689
0.83329
0.9887
0.69246
1.23712
0.09728
1.78167
-1.72517
-1.0217
-0.14142
1.09349
0.18185
1.71498
-1.46659
-0.21638
0.9332
0.48422
1.46549
-0.58241
1.52045
-1.06648
0.73875
0.5543
1.33437
-0.19426
1.78257
-1.81585
-1.34254
-0.92717
0.15759
1.11701
0.21956
1.7069
-1.42764
-0.10608
0.98046
0.42688
1.53191
-0.79868
1.24168
-0.36138
1.66191
-1.45035
-0.18495
0.95069
0.46071
1.49296
-0.6707
1.41804
-0.79206
1.21805
-0.30127
1.69465
-1.54222
-0.45005
0.75479
0.71528
1.13481
0.34679
1.64018
-1.16615
0.55214
0.76529
0.99996
0.64966
1.29793
-0.06974
1.80452
-1.8572
-1.48785
-1.35085
-0.85115
0.29028
1.08039
0.33984
1.62862
-1.13046
0.63064
0.68316
1.14249
0.31967
1.66056
-1.24156
0.3767
0.90563
0.71284
1.18354
0.23308
1.72074
-1.47102
-0.22768
0.92686
0.49263
1.45537
-0.55031
1.55377
-1.1593
0.54215
0.77828
0.97692
0.6991
1.22433
0.13075
1.7702
-1.67439
-0.85253
0.19087
1.12781
0.20531
1.71619
-1.46371
-0.2076
0.93779
0.47827
1.47259
-0.60505
1.4957
-0.99862
0.87146
0.36097
1.55114
-0.87774
1.11491
-0.08635
1.74702
-1.65797
-0.80477
0.27495
1.10297
0.28594
1.66913
-1.2802
0.28182
0.95652
0.58962
1.3593
-0.25081
1.76488
-1.77006
-1.18365
-0.51205
0.80271
0.62204
1.27388
-0.01615
1.8019
-1.8317
-1.39454
-1.07425
-0.15238
1.0745
0.21973
1.69407
-1.38396
0.01287
1.00465
0.41455
1.54954
-0.85672
1.15089
-0.16157
1.73916
-1.65316
-0.79118
0.29808
1.09379
0.31304
1.65014
-1.20906
0.45321
0.85188
0.83027
0.98622
0.69645
1.23083
0.114
1.77625
-1.70086
-0.94007
0.02602
1.1373
0.13435
1.74314
-1.57824
-0.5479
0.64633
0.83788
0.91185
0.8399
0.98813
0.69557
1.23262
0.10932
1.77783
-1.7079
-0.96357
-0.02084
1.13049
0.13573
1.74072
-1.5694
-0.52081
0.67793
0.80416
0.9767
0.7073
1.21274
0.16145
1.75776
-1.62128
-0.68121
0.46957
0.99514
0.57056
1.393
-0.34928
1.7159
-1.62911
-0.71923
0.41398
1.03286
0.4774
1.50194
-0.69261
1.39087
-0.72231
1.31553
-0.52732
1.5366
-1.09932
0.67247
0.63799
1.21471
0.13589
1.76595
-1.6578
-0.79851
0.28503
1.0992
0.29727
1.66139
-1.25104
0.35331
0.91986
0.67985
1.23376
0.1018
1.77976
-1.71702
-0.99423
-0.08359
1.11475
0.15227
1.73124
-1.53151
-0.40614
0.7956
0.66518
1.21621
0.14039
1.76516
-1.65366
-0.78504
0.30761
1.08986
0.32449
1.64167
-1.17772
0.52547
0.79057
0.95264
0.74964
1.14383
0.33655
1.64988
-1.20115
0.47221
0.83667
0.86165
0.92856
0.81626
1.03229
0.59927
1.37057
-0.27868
1.75351
-1.7384
-1.07599
-0.25927
1.02998
0.28135
1.64984
-1.21755
0.43252
0.86766
0.79691
1.04523
0.56657
1.41256
-0.40536
1.67945
-1.52216
-0.39313
0.80881
0.6479
1.24287
0.06964
1.78801
-1.75609
-1.12746
-0.378
0.93888
0.42511
1.52095
-0.76575
1.28992
-0.47362
1.58266
-1.22691
0.38949
0.90023
0.72644
1.16236
0.28685
1.68642
-1.33797
0.13576
1.00018
0.46037
1.50811
-0.71629
1.35936
-0.64274
1.41469
-0.77417
1.24506
-0.36244
1.66216
-1.45151
-0.18822
0.94912
0.4627
1.49064
-0.6632
1.42736
-0.8163
1.18185
-0.22167
1.72542
-1.62357
-0.69836
0.44522
1.01227
0.52888
1.44397
-0.50638
1.59677
-1.28158
0.25658
0.96969
0.55667
1.40103
-0.37587
1.69903
-1.57946
-0.56498
0.62696
0.85743
0.8729
0.91527
0.84415
0.98199
0.70893
1.21201
0.16371
1.7568
-1.61724
-0.66843
0.48804
0.98129
0.60347
1.35021
-0.22202
1.77577
-1.79996
-1.28714
-0.77671
0.43058
1.00159
0.546
1.42236
-0.43931
1.65371
-1.44657
-0.17644
0.9549
0.45524
1.49923
-0.69112
1.39212
-0.72533
1.31153
-0.5177
1.54544
-1.1237
0.62093
0.69733
1.12001
0.37478
1.61554
-1.07755
0.74355
0.54387
1.34728
-0.23199
1.77036
-1.78378
-1.23077
-0.62993
0.65396
0.80336
0.9708
0.71855
1.19492
0.20772
1.73533
-1.52905
-0.39739
0.80337
0.65538
1.23149
0.10006
1.77943
-1.71637
-0.99209
-0.07916
1.11611
0.15056
1.73216
-1.53522
-0.41726
0.78533
0.67808
1.1958
0.19348
1.74131
-1.55411
-0.47285
0.73018
0.74498
1.08406
0.46831
1.5259
-0.76788
1.28814
-0.46965
1.58586
-1.23586
0.3684
0.91352
0.696
1.20964
0.16556
1.75548
-1.61205
-0.65205
0.51122
0.96304
0.64592
1.29171
-0.05473
1.80452
-1.8527
-1.47114
-1.30005
-0.71147
0.52379
0.9322
0.70813
1.19821
0.19674
1.74075
-1.5512
-0.46401
0.73933
0.73418
1.10278
0.42413
1.57094
-0.92062
1.04374
0.05442
1.73016
-1.55713
-0.4856
0.71705
0.76015
1.05728
0.5302
1.45607
-0.54109
1.56404
-1.18855
0.47655
0.83633
0.86352
0.92524
0.82298
1.02027
0.62594
1.33429
-0.17254
1.79052
-1.83771
-1.42003
-1.1478
-0.32344
0.97105
0.38004
1.56688
-0.92112
1.04161
0.05871
1.72904
-1.55196
-0.46986
0.73364
0.74081
1.0913
0.45132
1.5437
-0.82763
1.19815
-0.26385
1.70983
-1.58267
-0.5719
0.61813
0.86635
0.85488
0.94908
0.77571
1.103
0.4361
1.56072
-0.88501
1.10497
-0.06645
1.74707
-1.6522
-0.78565
0.30709
1.09
0.32403
1.642
-1.17897
0.52263
0.79317
0.94768
0.75986
1.12692
0.37801
1.61519
-1.07542
0.74802
0.53784
1.35514
-0.25505
1.76149
-1.75937
-1.14693
-0.42325
0.89678
0.48881
1.4501
-0.53615
1.56757
-1.19813
0.45476
0.85375
0.82754
0.99131
0.68556
1.2474
0.06966
1.78937
-1.76093
-1.14408
-0.4172
0.90272
0.47994
1.46048
-0.56901
1.53437
-1.105
0.6593
0.65383
1.1903
0.19935
1.73735
-1.53858
-0.42602
0.77693
0.68857
1.17895
0.23664
1.71769
-1.45945
-0.1947
0.94425
0.46997
1.4824
-0.63653
1.45955
-0.90126
1.04561
0.05633
1.73051
-1.55776
-0.48747
0.71505
0.76247
1.05316
0.5396
1.44479
-0.50553
1.59788
-1.28488
0.24846
0.97281
0.54818
1.41134
-0.40742
1.67741
-1.51594
-0.37484
0.82471
0.6274
1.27379
-0.01432
1.80193
-1.83125
-1.3929
-1.06955
-0.14181
1.07902
0.21316
1.69827
-1.40017
-0.03099
0.99899
0.41272
1.54936
-0.85669
1.15089
-0.16156
1.73917
-1.65317
-0.79121
0.29804
1.09381
0.31299
1.65018
-1.2092
0.45289
0.85213
0.82973
0.98718
0.69439
1.23398
0.10562
1.77904
-1.71329
-0.98164
-0.0576
1.12219
0.14341
1.73609
-1.55099
-0.46474
0.73872
0.73487
1.10158
0.42698
1.56816
-0.91102
1.06048
0.02207
1.73766
-1.59283
-0.59581
0.58717
0.8965
0.79245
1.06098
0.53206
1.45521
-0.538
1.56711
-1.19724
0.45674
0.85221
0.83075
0.98552
0.69799
1.22847
0.12026
1.77408
-1.69128
-0.90821
0.08777
1.13983
0.14711
1.74031
-1.56454
-0.50569
0.69491
0.78539
1.01164
0.63219
1.32382
-0.14286
1.79674
-1.85113
-1.46766
-1.28938
-0.6828
0.56697
0.8937
0.79139
1.06181
0.52997
1.45768
-0.54583
1.55937
-1.17538
0.50629
0.81106
0.91407
0.82779
1.00899
0.65027
1.29984
-0.07452
1.8044
-1.85822
-1.49165
-1.36249
-0.88387
0.23003
1.10193
0.27477
1.67508
-1.30347
0.22349
0.97901
0.52858
1.4343
-0.47864
1.62119
-1.35185
0.07885
1.00823
0.42713
1.54002
-0.82353
1.2038
-0.2762
1.70485
-1.56939
-0.53153
0.66666
0.8161
0.95397
0.75477
1.13651
0.35478
1.63509
-1.14708
0.59474
0.72216
1.0769
0.47694
1.5156
-0.73397
1.33597
-0.585
1.47857
-0.94167
0.97683
0.1833
1.67945
-1.34556
0.1133
1.00349
0.44699
1.52125
-0.7601
1.29862
-0.49445
1.5651
-1.17789
0.50211
0.81452
0.9072
0.84135
0.98429
0.70357
1.22027
0.14201
1.76591
-1.65585
-0.79206
0.29589
1.09483
0.31011
1.65228
-1.21699
0.43462
0.86601
0.80042
1.03914
0.58032
1.39497
-0.35185
1.7147
-1.62573
-0.7086
0.43016
1.02238
0.50379
1.47291
-0.59833
1.50388
-1.02115
0.82842
0.42738
1.48588
-0.65962
1.43067
-0.82469
1.16908
-0.19415
1.73303
-1.64163
-0.75505
0.35741
1.06574
0.39142
1.58651
-0.9796
0.93633
0.24941
1.6387
-1.1905
0.49431
0.8185
0.89835
0.85852
0.95244
0.77041
1.11221
0.41412
1.58216
-0.95901
0.97495
0.18177
1.67945
-1.34601
0.11209
1.00363
0.44635
1.52187
-0.76217
1.29566
-0.48738
1.57116
-1.19476
0.46391
0.84636
0.84284
0.96353
0.74446
1.15484
0.30969
1.67054
-1.2778
0.28838
0.9535
0.59736
1.34921
-0.22116
1.77585
-1.79999
-1.28723
-0.77695
0.43018
1.00186
0.54534
1.42316
-0.4418
1.65176
-1.44087
-0.16056
0.96196
0.44647
1.50926
-0.72392
1.34872
-0.61622
1.44489
-0.85256
1.1266
-0.105
1.74696
-1.66335
-0.82266
0.24423
1.11356
0.25326
1.68992
-1.35987
0.07774
1.006
0.43129
1.53578
-0.80925
1.22586
-0.3255
1.68181
-1.50613
-0.34387
0.84991
0.59449
1.32156
-0.14818
1.79451
-1.84473
-1.44466
-1.22047
-0.50294
0.80091
0.62766
1.26632
0.00474
1.79987
-1.81812
-1.3456
-0.93607
0.14009
1.11955
0.20863
1.71234
-1.44952
-0.16741
0.95712
0.4537
1.50129
-0.69775
1.38353
-0.70347
1.34019
-0.58714
1.47732
-0.93862
0.9822
0.17371
1.68448
-1.36538
0.0611
1.00665
0.42497
1.54139
-0.8284
1.19617
-0.25935
1.71159
-1.58735
-0.58619
0.60018
0.88393
0.81872
1.01488
0.63564
1.32042
-0.13282
1.79849
-1.8544
-1.47924
-1.32446
-0.77796
0.41744
1.01235
0.52037
1.45292
-0.53487
1.5698
-1.20472
0.4396
0.86534
0.80307
1.03469
0.59034
1.3819
-0.31254
1.73689
-1.69054
-0.91685
0.07223
1.13973
0.14269
1.74156
-1.57022
-0.52313
0.67527
0.80707
0.97122
0.71886
1.19461
0.20857
1.73488
-1.52724
-0.39201
0.80816
0.64928
1.24088
0.07499
1.78664
-1.74959
-1.10508
-0.32609
0.98214
0.35757
1.58679
-0.99062
0.91471
0.28612
1.61255
-1.09447
0.70591
0.59335
1.2797
-0.03964
1.80234
-1.84032
-1.42608
-1.16581
-0.36693
0.93562
0.43453
1.51187
-0.73539
1.33276
-0.57687
1.48705
-0.96438