-0.279714
-0.529396
-0.252093
0.108214
0.057929
-0.304865
-0.577805
0.717978
2.211926
-0.642217
1.034488
-0.427648
-0.359357
2.159416
1.412835
2.397738
-3.071973
-1.193941
1.226451
1.266017
-1.120387
2.746153
-2.456392
1.591192
0.980635
1.065677
-0.354745
-0.231909
2.136779
1.404416
1.035688
-0.961814
-0.619302
-1.927155
1.041570
-2.958206
-0.896978
-0.633219
0.992278
-0.224054
2.860453
-2.342809
-1.132698
2.178285
0.172049
1.516595
0.343013
1.408563
-2.534538
-0.468160
-1.660743
0.938846
2.330815
-0.292761
1.701980
-0.078693
-0.607232
-0.897934
0.184244
1.366519
0.721265
-2.859297
-1.318199
-0.848344
0.640516
1.908800
-0.550870
0.629649
-0.335408
-0.683312
0.170611
0.219622
1.720830
1.512136
2.503160
-0.178985
-1.355967
-2.571200
-1.033902
1.488875
2.187295
0.041070
0.871174
0.106984
1.010667
-1.339177
2.042895
0.328530
-0.284110
1.353051
2.387090
1.632212
2.663392
-3.271339
-0.262883
-2.434884
0.564557
-0.703860
-0.305647
-0.136779
-2.482560
0.823236
2.699131
1.747494
2.110624
-0.046327
2.918436
0.670753
1.646872
-1.191517
0.060473
0.140466
2.714335
1.411437
2.621062
-1.349713
0.532794
1.036399
0.008816
0.207121
0.839500
0.782147
0.781507
-0.481623
-0.433591
1.843038
-3.432096
-0.481611
-0.993795
1.560948
0.912795
0.704369
-2.697964
-0.431627
0.954619
0.639591
-3.457570
-1.976323
1.266030
0.588654
1.539584
2.058045
-1.218639
0.125471
-1.008188
1.951433
0.513192
2.414345
-0.463404
2.902635
-1.757831
0.523881
0.165684
0.051379
-2.879979
1.425527
2.081087
1.231327
-0.083054
-0.054191
2.584389
0.845397
3.040512
-1.523101
-3.185619
-0.052532
-1.989342
0.474801
1.527182
0.825397
1.900151
2.143823
2.432778
0.404063
0.348348
-1.103892
2.032987
1.314118
2.794159
-0.930198
-0.090324
-0.974667
2.161889
0.597566
2.767507
-2.879812
-0.597696
1.284975
0.516222
-1.000820
2.542340
-1.706148
2.825352
-2.776742
-0.921527
1.683578
2.205398
1.348724
3.043351
-1.813034
-0.896574
1.579602
1.999878
1.804894
-1.512550
2.657799
-0.968044
0.962754
-0.829284
0.125032
1.930906
-2.118687
1.596531
0.279453
-0.139933
-0.793788
-0.614375
0.529412
-0.362720
2.807870
-1.422009
2.576087
-2.559071
-2.282943
1.459691
2.154477
-0.324357
-0.132641
1.975431
0.314443
0.686348
-0.293794
-0.155823
0.227538
0.089670
-0.376724
-0.280285
-0.759054
1.187554
2.119599
-0.051431
1.419727
-0.455636
-0.328156
1.542602
-0.218345
1.691437
-1.526264
0.788598
-0.913900
-2.190568
-0.918990
2.263090
2.074934
3.030626
-1.648806
-0.167728
1.183399
0.831820
1.189975
0.026932
-0.178866
0.605771
1.177620
1.262895
-0.701900
3.229462
-2.676855
0.153544
-0.253188
1.835753
0.777350
0.206105
1.613778
0.603248
0.733524
0.416796
0.676368
0.926281
1.054137
1.339417
1.982006
-0.709720
0.787233
1.160953
1.166007
0.673190
1.483255
-2.855373
-0.111316
0.058112
-0.008614
2.062480
-2.352313
1.266345
-0.486390
1.741226
-2.508046
-2.235448
0.198476
0.221584
0.968440
1.684009
-1.575881
1.445116
-1.985644
2.399991
-0.588458
0.929905
-0.198396
0.771861
-1.503141
-0.265850
0.897234
1.871375
-0.454348
1.522275
-1.550078
1.756758
-1.226439
-0.616767
0.374351
1.280611
1.820122
-0.644044
0.649595
-2.285185
2.838689
-1.688262
0.459999
0.263475
-0.033907
0.014281
-0.608612
2.082098
-1.079759
2.247467
-3.396501
0.373786
1.342007
0.204787
0.095802
1.182814
-0.342838
-1.090695
2.710016
-0.842164
-0.452582
0.256154
-0.153187
0.275795
0.254089
3.001455
-0.463772
2.541412
-2.267659
-0.786428
-1.568508
-1.455533
1.528383
-0.056290
1.080536
-2.114166
-1.508351
1.329638
0.719887
-0.421427
-0.680002
1.195517
-1.553932
-1.712374
-1.792200
-0.602012
-1.607087
0.205998
-3.155878
-0.835746
-0.279226
0.356142
1.467605
-0.009385
-0.294845
-0.807877
1.810066
-0.527981
-0.043185
-2.084304
0.547333
-0.636418
2.646485
-1.278981
-0.239264
0.638863
0.805342
-0.437722
2.613535
-1.796823
3.019379
-3.289392
0.952113
-0.671301
0.815280
-0.794943
0.481131
-0.240876
-0.977717
1.959911
0.476674
-0.288967
-1.002731
2.205275
-0.280863
-1.610751
-1.983860
1.423854
-0.760460
-0.083716
0.843212
-1.821721
1.769109
1.546491
1.575155
-0.306167
2.201688
-1.624878
2.569008
-0.742194
1.144140
0.321013
2.373013
-0.278468
2.099767
1.257369
2.332229
-0.215705
1.687742
-0.819279
0.332090
-2.054846
1.101645
1.296475
1.862416
-1.355111
2.286942
-1.170251
1.755695
0.106369
1.571657
0.575888
-1.783116
2.695251
-0.151540
0.931100
-2.470421
-1.941841
-0.147914
1.148636
2.021194
2.810267
-1.987178
0.765028
-0.449230
-0.619921
2.389659
-0.676158
1.770918
-0.000113
1.245798
-1.496362
2.519970
-1.333687
-1.787591
0.090951
1.162844
-0.438355
-1.041290
1.072165
-1.670941
-0.000362
-2.565866
-1.113965
0.323089
-1.459601
3.180482
-0.689536
0.443587
0.140491
-0.191820
1.436863
1.226628
-0.538271
1.138849
-0.699691
1.210371
-1.325610
0.836942
1.395162
0.162536
1.317980
-1.161997
0.526452
-0.984113
1.164675
1.021083
2.117883
1.558659
-1.722826
1.691137
-1.142733
1.478068
1.267568
2.049967
-1.187945
-1.261282
-0.412041
0.577525
1.506846
1.190863
0.658071
-0.771668
0.070446
-0.786815
1.086142
-0.003245
3.416260
-1.483860
-1.978612
-0.933873
-0.528264
-0.386980
2.515921
-0.453626
1.268283
2.541302
1.063458
0.641992
-2.314020
0.269474
0.787023
-0.380827
0.591754
-1.715703
2.126818
-0.513743
-2.015381
0.535096
1.046146
1.212487
-0.647144
-0.269932
2.503696
-0.185112
1.801899
-2.540614
-2.280184
0.036050
-0.498665
2.291099
1.432343
0.562918
-1.868460
0.977789
0.062317
-0.102101
-2.311993
2.933753
-0.174627
0.097616
1.823866
0.308361
3.008802
-2.097134
-0.307954
-0.369159
0.206242
0.143521
-0.474656
1.556191
1.064447
1.905298
2.766647
-2.397444
1.739735
0.539910
0.764998
-1.039906
3.382954
-1.672380
-0.826311
2.246086
1.542217
2.206699
-1.095391
-0.385480
0.506167
-0.323796
-0.273901
1.745426
-0.707170
1.289526
-2.102826
-0.779365
0.485565
1.999252
2.903982
-0.729822
-0.067542
-2.523827
2.255732
0.173970
1.460513
-1.927036
-2.075718
-0.119715
2.835216
0.569645
0.893544
0.070045
-1.496165
1.426413
0.896523
2.617764
-0.336875
1.997540
-1.055044
1.259351
2.646827
-1.024990
2.029705
0.488799
-0.504268
1.097165
1.979663
-0.547708
-2.289594
-0.425088
-0.491380
-1.557675
1.496250
0.447212
1.582385
-0.788327
1.114660
0.870712
-0.046082
0.301797
-1.730491
2.165128
0.166226
0.514017
-2.232668
0.872508
-0.588374
2.005458
-2.116575
2.777701
1.536176
2.945756
-0.594649
-1.904903
-0.877793
2.126776
0.712495
-0.001706
0.588567
0.160543
-1.837120
-2.390852
-0.845859
2.065316
2.346530
-0.371473
0.428972
0.229607
-0.331409
1.481003
0.062351
0.478807
0.065035
1.176255
1.112044
2.907724
1.340555
0.862507
-2.286809
-1.259866
1.996930
0.227524
0.169153
-0.513719
1.930128
-2.989736
-0.632763
-0.083988
1.898037
2.694462
0.706719
2.431482
-0.107448
-1.307667
-1.238504
-1.454406
-0.600790
0.267118
-1.466610
1.736842
-1.083689
0.636601
2.011000
2.431945
2.546838
0.554079
0.820466
-1.653615
0.613419
0.740721
0.319566
-1.373337
2.574082
-1.271104
-0.884738
0.778178
-0.072646
0.432787
-0.040028
1.233737
0.563497
1.377171
0.773972
1.366118
1.002827
2.108298
-2.684451
-0.969648
1.668490
-0.500581
3.325228
0.403164
1.346710
0.072529
0.715291
-0.250238
0.148392
2.094944
1.670474
1.609429
2.750684
1.311427
1.034861
-2.387268
0.800442
1.010016
2.621797
-0.198809
2.521117
-1.550358
0.767451
1.156141
1.384423
-0.341820
1.513328
-0.556664
0.157528
1.638762
-1.178488
0.977694
-0.915157
2.328659
-1.936876
-0.090401
1.191263
-0.413238
-0.175288
1.944455
-0.129506
-0.196874
2.457134
-2.879191
0.253760
-0.522624
0.438285
-0.107512
2.486419
-1.770171
-1.013332
-1.059124
2.351791
-1.208201
0.994459
1.578894
1.920102
-2.582029
-1.823052
-0.256531
0.314416
1.650946
0.134001
0.532616
0.562553
0.818881
0.130168
0.967561
3.075915
-1.987681
-1.407462
0.479875
1.984588
1.335212
0.564506
1.663849
-1.961446
-1.247844
2.004937
1.022754
2.625059
-1.088194
0.059622
-0.160583
-0.240592
1.459762
2.192538
0.038489
0.361792
-0.137453
-2.001891
1.195838
0.179155
0.593703
3.353896
-2.544067
0.051061
1.279207
-0.349549
1.558149
1.080159
-0.252829
-1.052948
0.408426
0.707970
-1.252929
0.524186
-0.023580
0.970343
0.485911
1.206972
1.974050
1.531274
0.929979
2.164311
-1.106819
-0.268780
1.268198
2.607492
0.195816
1.184042
-2.257402
1.216791
-1.755490
0.014517
-0.313585
0.817331
1.132068
2.184696
2.544703
0.209337
0.399526
-2.362494
-1.475983
0.245056
1.331341
0.761832
0.343776
1.475990
0.371497
0.148918
-2.761886
1.866592
-0.679110
0.751265
-2.723922
1.270747
2.419316
0.160825
-0.362447
-1.339466
3.406048
-1.477073
-1.640839
-0.459105
1.052384
0.926541
-0.077747
1.749994
-0.529251
-0.937137
-0.257898
-0.954924
1.108709
-1.578709
1.112144
-2.155349
0.385394
1.320933
2.793945
1.953708
2.039915
-2.381565
0.024275
-1.096398
0.436442
-1.473537
3.093303
-1.586410
-1.260457
-2.233718
0.281179
2.131569
0.263763
0.503484
-0.341408
-0.370540
-0.392381
-0.944712
0.051427
-1.078917
1.899740
2.324707
2.329328
0.299543
-0.532388
3.121925
-1.354261
1.350993
-1.555168
-0.908584
-1.115315
-0.465757
2.445848
1.017842
0.456599
-1.321621
1.813757
-3.012117
-0.244892
1.611018
1.194937
0.242053
0.663375
-1.400048
2.799404
-1.832231
1.774562
-0.274270
-0.203947
-2.317612
2.495453
-1.845222
2.306275
-1.284283
-0.034785
-1.489949
2.745306
-2.631900
0.129883
0.567845
0.012135
-2.019770
2.139562
2.292672
-0.224369
1.428114
-1.279385
0.789777
-1.583888
0.126814
0.937586
1.057642
-1.337555
1.232486
-0.308655
1.791324
-0.365769
0.250656
1.501647
1.625321
0.825985
-0.689738
1.674289
-2.175720
-2.437159
-1.052924
-1.317744
0.384590
-1.568035
2.819771
-2.119954
0.283746
0.936403
2.114105
1.252612
-1.686659
0.065418
-1.167658
-1.413110
-2.084350
-1.055638
1.800702
-0.771231
1.882786
-1.994277
0.689595
2.001399
0.250024
0.404874
0.104877
0.428624
-1.489515
0.747038
2.450333
1.649361
1.992915
-0.417141
0.001378
-0.081561
-0.204546
0.822404
1.984310
0.021103
1.203333
0.170617
2.120059
1.008269
1.385213
-0.338703
-0.177484
1.188806
-2.992674
0.553182
-0.860802
0.674134
1.207594
2.426523
-0.402376
0.325705
-0.485654
-1.143559
1.124517
1.655385
1.507377
-0.533912
-0.604717
1.194355
-1.503052
-0.333395
-1.387718
-0.118678
-2.357662
2.456450
-1.358636
0.318734
-0.478019
1.798862
-2.077854
-0.811659
1.242930
2.537998
0.653497
1.224402
2.304466
2.510168
-1.786655
1.651873
-0.832696
-2.056649
-0.029639
0.637454
0.743284
-0.662749
1.326907
0.437627
-1.340869
-0.039786
1.008279
1.387309
-2.473629
1.808236
-1.019439
0.401909
-2.107349
0.777775
-1.653466
3.161840
-0.177179
-0.996002
2.128531
1.389621
-0.072863
3.120744
-0.041915
2.640233
-3.120350
0.474553
0.986995
-0.174952
-0.654047
2.962114
0.635689
3.393332
-1.087951
-0.444829
0.787974
-1.240280
2.151747
0.400114
0.205830
-1.623689
-1.135902
2.386056
1.249054
0.981763
0.235358
2.057015
-1.600433
-3.300931
-0.404263
-1.616934
-0.779762
1.229873
0.963979
0.730431
-1.633691
0.949778
-2.003876
-0.705995
-1.536849
1.974093
-2.673911
0.262317
0.926613
0.171518
-1.070696
1.504014
-2.672262
0.135702
2.305927
1.089141
2.827282
0.215165
0.369849
-0.629383
-0.125986
1.047629
1.425065
-1.226634
2.959620
-1.602412
-2.817982
-1.892531
-0.372411
-0.268569
2.033325
-0.397444
0.071493
0.828086
-0.581158
0.762321
-1.284267
-0.657290
0.277427
0.500274
-0.596305
-1.939147
-0.190555
0.937944
0.346237
2.626405
0.197831
1.501668
2.540855
-0.068954
0.430573
-0.119949
2.967727
-2.585557
-1.063371
-0.778353
-0.540435
1.562946
1.774452
-1.312825
0.499728
-1.754236
2.987948
-0.727550
2.857771
-1.220619
2.476097
-2.551540
-1.073430
2.670292
0.769019
1.450146
0.234226
3.562561
-2.504589
-1.198503
-1.139034
1.088745
-0.133066
-0.026770
0.524010
1.228687
1.720146
-0.279952
0.147898
1.186986
0.203460
2.715675
1.080148
2.786028
-0.062260
-0.136612
0.112315
-1.270755
-0.133703
-0.918225
1.691246
2.237477
1.526996
1.773064
-0.659086
0.167556
-1.422691
-1.383274
0.136713
-0.226993
1.335958
-1.768796
2.176876
-1.186545
2.899855
-2.097325
-0.814381
-0.741727
1.287551
-0.224618
0.595289
-2.713518
1.494352
0.338543
-0.133373
1.369856
0.446119
2.337991
-2.025430
0.611971
-1.140882
3.046329
-2.068758
0.591867
-0.339299
-0.679308
2.768378
1.000688
-0.207381
-1.773155
-0.205274
0.202228
-0.350909
-0.521890
2.023995
0.689335
-0.257301
0.048157
0.115460
0.375041
-3.180959
-3.065661
-1.015913
-0.053549
2.375703
2.418903
2.621247
-0.715233
0.703903
0.351974
2.533393
-1.672122
-2.476779
-1.696427
0.666631
-1.116764
-0.027390
-1.238607
3.013945
-0.453664
1.136549
2.341682
-0.740572
2.129562
-0.436150
1.454689
-0.063439
0.106665
1.933195
1.105261
-0.481199
2.043133
0.330114
0.706398
0.232202
2.606822
-1.721246
-0.071988
-0.568784
-1.128709
0.349647
-0.329775
0.587894
1.847457
0.812065
1.122361
0.288402
1.501858
-0.005583
2.123525
0.309878
1.771211
0.568765
1.660776
0.468895
-1.844632
0.369442
-1.515708
-1.087554
-0.000844
0.351326
-0.482170
1.349196
-0.895902
2.585531
0.902217
1.292507
-0.375256
-0.301546
-0.700573
-0.614687
0.431675
-1.576844
2.735905
-1.347126
0.455625
0.067090
-0.193938
-0.418558
2.600603
1.518613
1.877526
1.086321
3.289937
-3.258995
0.154104
-1.950047
1.761295
-0.119349
-0.770775
1.288373
-1.024234
-2.051673
1.504130
-0.210576
2.679329
-0.063739
0.468333
-2.259966
0.647276
2.044591
0.081818
-0.374491
-0.905870
1.541350
0.410562
-0.138992
0.218663
0.793927
0.885573
1.054963
1.057500
2.712104
-1.039273
-2.018112
0.100091
1.002437
1.189120
0.147220
0.913439
-0.355854
-3.108006
-2.787653
-1.673115
-0.169234
0.852715
1.284975
-2.087204
1.989506
0.305919
-0.416252
-0.119177
2.331324
-0.769779
-1.677652
0.686476
0.278662
1.247289
1.622216
0.734236
-0.011145
-0.425266
1.333598
0.780957
0.971731
0.430746
1.449341
-1.864348
-0.456701
-1.667554
-0.181644
1.151176
1.256940
-1.940238
1.237814
-0.653060
-0.981887
2.268267
-0.810231
-0.229409
-0.267640
3.321899
-1.045866
1.403681
0.005190
-1.290027
-0.152144
-1.620626
0.905886
-0.059745
0.023366
1.038367
2.742845
-1.497008
1.741946
-2.641988
-0.921287
-2.136970
0.114692
1.398804
1.865513
0.397266
1.219243
-0.364086
0.577817
-1.099366
-0.015706
1.004489
1.156751
-1.137284
0.023661
-0.105441
1.251717
1.692207
0.301552
2.539125
2.129039
1.260010
-1.696865
2.654082
-0.981163
0.612569
-1.405978
2.613084
-0.059321
1.735470
0.359237
2.284563
-1.066363
0.668688
0.345689
-0.122071
-0.042797
0.831326
2.461091
-0.877701
2.246022
-0.748294
-0.544057
-1.151992
0.629659
-0.824242
0.750499
0.699481
1.934207
2.329547
1.887080
-0.783490
1.852103
-2.024831
0.499948
-1.513156
-0.760041
0.042130
1.978680
2.931404
-0.477217
3.326316
-1.110383
-1.528792
0.719028
-0.032994
0.072556
2.825782
-1.638160
1.324328
-0.508363
-1.342791
-1.121507
-0.939484
0.812893
-1.208618
-0.041743
-2.441091
0.044848
1.573482
1.989031
0.113585
-1.015670
-0.058736
0.345666
-0.057060
0.578011
-0.725523
2.593258
-0.563099
2.379843
0.852987
2.125070
-1.809953
2.394903
-3.350917
-1.373009
-0.814380
-0.605780
-0.600813
2.095993
1.177353
3.426416
-2.606249
1.478288
-0.143457
0.620653
0.160285
-1.132329
1.950967
-1.020738
1.975528
-0.042307
-0.112279
1.175330
1.209770
1.621134
0.294965
0.267004
-0.860731
1.060289
-2.848598
1.632500
0.162138
-0.783980
0.274320
-1.549189
2.095112
-0.656219
2.254504
0.071921
0.173328
-0.643908
1.184069
1.903581
-0.141003
-0.348462
-0.338272
1.642098
-1.318332
3.261083
1.075710
0.608045
-0.147600
2.070306
-1.492252
1.955026
-2.797001
-0.646935
-0.441892
2.287634
-0.420662
3.010347
-1.725642
-1.376153
-0.186105
1.726695
2.614534
-0.465010
2.062417
-1.585429
-0.082878
-1.993102
0.301960
2.013556
0.246125
2.193899
-1.347284
1.035086
-0.543378
0.400019
1.367953
2.528303
-0.672540
1.043127
-1.014538
0.698861
-0.503301
2.010775
1.306094
1.380383
-1.197366
-2.333644
-2.370184
0.987343
-0.513378
1.807990
2.920958
-1.295133
2.786116
-2.658619
0.371308
-1.860358
-0.942407
-0.625122
-0.162541
2.311617
1.241753
0.429300
-0.637709
-0.628239
0.929267
2.160587
-0.970077
0.457334
-1.058199
-1.202874
0.425585
-0.994378
1.652927
-0.271580
2.350783
-0.259034
2.203159
-1.899903
1.534912
-0.429954
-0.173683
1.500326
-0.219612
2.006635
1.940914
-1.081668
0.709073
1.605888
1.837280
2.240396
0.462954
1.836818
0.420415
1.922928
0.046087
-0.144213
1.004905
1.041169
1.417856
0.915994
-1.246441
-0.360303
0.923940
1.340623
-2.656836
-1.360310
1.746437
-0.319250
1.581021
0.841842
1.132563
-1.240421
2.430978
1.871750
2.991381
-0.871656
2.141336
-0.321451
0.544286
0.434677
1.522287
-3.393628
0.067185
-0.967481
1.752985
-1.039149
0.955785
0.249362
1.962850
-1.479839
0.258852
-1.790259
-0.199243
-0.743556
0.166763
-1.027458
1.709465
-2.427648
-0.204941
2.165964
2.184961
1.883497
0.734644
0.283973
1.416859
0.514242
-1.384158
-0.937780
0.266660
1.481865
0.068031
3.334003
-1.745506
-0.496046
-0.248970
-0.968605
-0.345339
-0.761346
1.671629
-1.218011
-0.358196
-2.183673
0.542606
0.747167
-0.322791
1.921868
-2.759589
-1.847539
0.859846
2.378948
2.428051
0.765032
2.052479
-3.673304
-0.474136
-2.302402
-1.867237
-0.593257
-0.384527
0.162893
2.165045
-2.017871
1.387670
-0.140918
-0.834699
-0.285217
-1.275380
2.122011
-1.572820
2.227909
-2.965264
0.416369
1.946307
-0.669076
1.035057
1.053525
0.620320
-1.113306
-0.099186
0.433466
0.118862
0.777234
-1.710230
1.625582
-0.555310
-1.558779
0.785190
-0.647825
1.258985
0.667274
-3.236963
0.658736
1.677765
2.234282
1.738065
-0.580723
2.139981
-2.366146
1.036865
-1.036391
1.613269
-0.365960
3.412008
-1.093902
-0.834113
0.745733
1.476941
-0.211608
1.782212
-0.992792
-0.353296
0.463359
2.851231
-0.101863
2.135037
-1.646440
-1.905027
-1.060011
0.279837
1.482673
0.410449
1.413609
-2.218906
0.877195
0.977694
-1.326325
2.464210
0.112231
2.680791
-0.019018
2.269033
0.612662
1.728666
-1.179881
1.028109
0.357171
1.284119
-2.261568
-1.117983
-1.786640
0.521343
1.353437
1.968733
2.026873
-0.143277
-3.186347
1.591663
1.579844
1.195207
1.163650
0.512717
1.113080
-0.702456
2.166143
-0.432290
0.821494
0.554736
0.268152
0.026694
2.702565
-1.306902
0.102137
2.280512
2.201096
0.125356
-0.376585
0.869299
-0.168467
0.818466
2.035997
0.084474
1.122465
1.757404
-0.965080
2.543361
1.235717
1.191957
-0.713800
0.245221
-1.248451
0.679054
1.673076
0.517510
2.714607
-0.116764
1.224099
-3.400539
-2.635696
0.502357
2.442149
2.289228
2.537434
0.502917
0.430440
-3.115370
1.451590
1.022909
-0.870437
2.055121
1.129592
2.895633
-0.203550
-1.046649
1.111063
-0.792110
2.622418
0.917671
-0.090387
-1.694776
-2.215902
-0.430053
1.837196
0.667257
0.993667
-2.451196
-1.641634
0.146431
1.563591
1.832225
0.766448
0.084634
-0.254422
3.015263
0.835388
1.823286
0.070524
1.326643
0.611998
0.267243
0.173399
0.743230
-0.179994
0.426711
-1.043147
1.562511
2.299487
1.948884
0.468477
-1.434684
1.897240
-1.480728
0.890224
-0.687561
-2.057126
-0.161012
-0.473306
0.562268
3.237628
-0.071243
-0.867164
2.355290
0.951431
-0.080313
1.058732
2.395330
-0.282548
-1.095404
2.609660
1.623465
1.802573
1.119033
0.658199
-1.938968
1.632769
-1.081190
-0.502372
-0.543096
-0.175793
0.271122
0.713396
-0.391131
2.935103
-0.660137
1.722300
0.631640
0.804930
0.701288
0.804085
0.164028
1.237397
1.229689
2.544202
-1.044050
0.440790
0.450673
2.384258
0.166616
-0.533780
1.634621
-0.226270
2.265790
2.249566
1.180343
2.791344
0.237210
0.168179
1.253775
-1.064337
2.751644
-2.026974
0.529907
-2.133926
-0.631159
-1.160535
0.401689
-0.132803
-1.270059
1.031090
2.573398
1.442599
0.708938
-3.044058
-1.377376
1.401500
0.186399
0.699572
-0.331853
1.133955
0.627780
0.787951
-2.155209
0.854269
-1.214889
-1.013073
0.907718
0.927980
-0.225246
-2.199975
1.017148
-1.809734
0.132437
-2.398144
-2.149574
-1.305180
-0.401089
0.127761
-0.233553
-1.754860
-1.091593
0.095056
1.681106
0.959234
3.149279
-0.205954
-0.963894
-0.289169
-0.154366
-0.276682
1.339311
-1.587616
-0.034786
2.382718
1.349440
1.877294
-0.277714
0.421148
0.602461
1.511710
-0.208519
1.198565
0.386765
1.971815
2.765610
0.177528
2.133360
0.178703
2.512237
-2.551243
-1.097500
-0.591217
-1.542132
1.567894
1.471676
2.077651
-2.033011
1.824427
-3.045431
-1.016210
2.082111
0.644742
-0.592136
2.299693
-0.886937
0.813416
-0.344786
0.420096
-0.969393
0.629089
1.197003
-0.061429
-1.743012
1.940030
0.931649
0.414222
-0.290006
-1.943312
-0.001099
2.389736
2.244658
-0.324861
1.943971
-0.109442
-2.507948
-2.183352
1.106235
2.351489
1.792596
1.278051
2.476542
-1.066640
0.320885
-1.034401
1.981642
0.982815
0.474148
2.788208
0.496485
-0.407206
-0.100266
0.932890
0.081137
0.467721
2.045211
0.414440
0.039057
0.515592
1.363352
-2.351796
-1.680255
-0.183091
-1.644525
-0.076074
0.270332
0.755771
0.375850
0.482739
2.848293
-3.137567
-1.059468
1.788081
1.618067
1.343445
-2.304877
2.253472
-0.700307
0.019068
-1.055744
0.771334
0.200485
0.023422
2.653777
0.134667
1.010770
-0.998580
0.124445
-0.087846
-0.329300
1.154100
-0.900788
0.896671
-0.000930
0.865686
-0.968943
0.230340
-0.495588
2.391351
1.699669
0.117929
-0.179723
1.036774
0.162506
1.335997
-0.798354
1.175352
0.857220
2.616786
0.349012
0.993155
-0.935505
2.004011
-1.244254
3.290559
-1.623834
1.517534
0.794052
-0.033387
-0.746605
-0.936504
0.097527
-0.509853
1.632045
0.957208
0.479698
0.905191
-1.951541
2.718367
0.161973
0.266311
-1.682769
-0.617249
0.835636
-0.633823
-1.143514
1.613003
-1.170321
0.057442
-2.418500
1.095463
2.552972
1.788249
2.807415
-0.381308
-0.373353
-0.226154
1.694514
-1.347580
-0.167926
0.336146
-1.434253
2.364357
-2.397878
-0.533883
1.207338
3.254318
-1.490753
-1.480842
-1.470230
1.735516
0.065974
1.548252
0.192822
-1.400750
2.560517
-1.185787
1.589074
0.461778
1.840379
-1.515422
1.750516
0.365876
0.137519
-0.011011
-1.561735
-0.489942
2.898001
1.066087
-0.156906
-2.756446
-0.232139
0.401409
-0.206490
0.082621
0.481118
1.524765
1.204113
1.100749
-2.531645
1.229290
-0.228595
1.065115
0.349894
-0.513504
2.488536
-2.334055
-1.611547
0.157568
1.020532
1.425921
0.450123
0.989693
-2.410139
0.177408
1.436265
0.282896
-0.128449
-0.487929
-0.930632
1.956475
0.943093
0.605465
0.386836
0.429005
-1.021092
2.662960
-2.527022
-1.986658
1.018898
1.736723
2.714535
0.270242
2.494793
-0.283024
-0.185113
1.124508
-0.908890
3.115065
0.193068
-0.070777
-2.962461
0.554864
-0.434311
-0.082462
0.718718
2.101969
-1.364698
0.396957
1.563797
0.200537
0.746232
-0.335588
1.691271
1.129478
0.466435
-0.470620
1.709981
-0.534462
1.972981
-0.899578
0.012187
2.194401
1.597221
0.795187
0.351825
2.382091
0.761495
3.347239
-0.715672
-0.532636
-3.027035
-0.197533
-0.309742
-0.026435
1.546078
1.626082
-1.901632
2.298374
0.785619
0.791473
-0.942631
-0.581511
1.993528
2.546496
1.300639
1.942929
-1.186645
-0.255451
0.457438
2.530745
-3.275193
0.083647
0.556901
-0.119317
-0.940789
2.802954
-0.528957
1.781427
-1.341926
2.134016
-1.509863
-1.503733
-0.797868
-0.392936
0.645530
0.916738
0.268243
1.002537
0.317822
1.349400
2.011575
2.105916
1.818730
-1.345329
0.934803
-1.869174
0.485739
-1.044162
0.289949
-2.668870
2.094999
-0.903601
2.713981
-1.307940
-0.109554
1.718994
1.773033
0.251222
1.343184
-1.631331
-0.261479
1.869205
0.845005
-2.488410
1.761794
1.719975
0.143624
-1.605284
-1.673843
2.701363
0.688899
0.312319
-1.155455
2.085321
0.301359
0.479061
0.005466
-0.392717
0.835954
-0.077807
0.705318
2.143140
-0.871652
-0.516866
-0.425911
1.188590
1.434036
3.015566
-1.451579
-1.783204
0.450251
2.512159
1.719909
3.098773
-1.063693
1.938850
-3.153517
-1.753318
-0.314088
-0.589505
2.401715
1.103040
2.115284
-3.116197
-0.278583
2.028308
1.871651
2.405535
0.098108
-0.559032
1.143560
2.586111
-2.427359
-2.096973
2.172431
-0.299918
2.209270
0.336178
0.423649
2.492279
-0.730369
-2.196829
0.031027
1.041264
-0.271393
1.665107
0.807240
0.297733
-1.122459
2.958344
-2.332819
0.703021
1.159087
1.459268
-0.177746
-0.298268
0.227147
-1.644078
0.282817
0.267374
2.906601
-2.318292
-2.226327
-0.954444
-0.135516
0.468112
0.932493
0.613095
-0.324286
0.069310
-1.086230
0.417276
-1.757714
1.554177
-0.387400
-2.431742
0.262742
-0.068020
-1.218542
1.310467
-2.911489
1.677513
1.238357
1.441181
2.681903
-0.137816
3.056258
0.046528
0.829954
-0.378252
-1.096965
-2.624998
1.025089
-0.615879
2.131141
0.526018
0.131595
1.047767
-1.575861
-2.624503
0.636079
0.184006
1.879365
-0.270494
2.728427
-3.084877
0.956534
1.618478
0.547528
2.003462
-1.126608
0.847253
-1.942941
1.566646
-2.773560
-0.140126
1.087758
2.728420
1.250107
2.905281
-0.574650
-2.558259
1.611650
0.092765
-0.099605
1.986294
0.378474
0.476614
1.677911
0.847230
0.067876
-0.275569
1.488944
-3.138731
0.655235
0.102597
0.040509
1.636640
-0.096246
-2.566175
2.673742
-0.442581
1.368514
-2.999795
-1.121504
1.806259
2.343166
-0.378508
-2.067337
0.795109
-3.364223
0.885848
1.788444
0.970748
-0.773724
1.087601
0.440041
1.798843
3.470186
-0.961459
0.465737
1.795919
0.583026
-1.211081
3.049102
-0.460765
-0.557700
-0.959905
2.318836
1.696163
1.934227
0.079639
1.649439
0.971754
-2.282219
-0.312313
-2.774014
0.070321
2.214671
0.534973
-0.455728
-0.560111
1.952116
-0.826494
-1.031062
-0.014653
0.193558
1.545792
1.552466
1.338262
0.112000
-0.056472
0.275405
2.347750
0.918522
-0.033372
-2.207252
1.104338
2.321693
-0.594797
1.456152
-0.698696
-0.236201
-1.944737
1.886100
-0.831101
1.690049
-2.219141
0.781798
2.193034
1.308729
-0.410865
-0.069369
-0.206945
3.325386
-0.629774
-0.052393
0.546437
0.103705
2.453120
0.536869
0.097549
-0.310197
2.042480
-0.566732
3.024095
-2.775298
-0.057779
0.044333
-1.098771
0.345382
-1.889705
2.095397
-2.208802
-2.914937
0.256477
-0.886100
1.622193
1.393212
0.527734
0.896750
0.227802
-0.426384
-0.707641
1.824806
1.537864
2.110637
-1.079368
1.288956
-0.058704
2.453095
0.216099
0.407588
-3.213223
0.983140
2.291373
1.920052
0.062263
1.170007
1.764332
-2.466860
-0.887530
1.824518
0.982191
-0.408852
0.376405
3.062993
-0.180192
-2.345324
0.550619
1.595364
1.921336
3.150020
-1.542644
-1.166535
2.093204
1.280183
2.274488
0.851851
3.298886
-3.351156
-2.354995
-0.974125
0.660090
1.046984
0.554162
0.400238
0.043038
1.119709
1.227485
-3.251531
-1.055404
-2.043170
-0.823626
-1.211489
0.875373
-0.954819
2.259747
1.718259
1.519249
-0.626912
-0.597739
-1.389270
1.781740
1.792269
3.242780
0.406548
2.095047
-1.390865
1.360050
-2.803775
-1.420698
1.175608
-0.750598
1.297426
2.301702
-1.337531
2.566756
-0.843941
1.085411
2.572580
-0.533487
0.345605
0.695944
0.934392
-1.294487
-0.191170
-2.428834
1.399377
1.947881
-0.816528
1.019689
-2.186185
2.770084
0.408002
1.596608
0.117311
-2.637300
-0.934025
2.097400
0.930131
0.429832
-0.193805
-0.237553
0.452837
0.531572
0.418480
-0.297805
2.819310
-1.276855
2.153057
1.540656
1.731149
-1.146569
0.406618
-0.773749
0.872306
2.200298
0.209470
2.297090
-0.818924
-1.686675
-0.045922
0.032286
0.573987
-0.690557
1.940532
-2.498318
-0.480567
-2.041762
0.406081
1.948183
-0.091483
1.365095
-0.634502
2.613584
-1.751332
0.837894
-0.226360
2.381220
2.804893
1.898710
2.482815
-1.304444
1.743016
-0.301469
0.251221
-1.154284
1.000065
-0.010074
1.621926
0.672042
0.583011
0.570864
0.771315
1.316037
-1.037052
0.363598
0.600825
1.402219
-1.165074
1.576963
-2.728177
2.433894
0.627800
0.849210
-0.634715
3.286668
-1.154369
-0.952967
1.186352
1.694744
2.678836
-0.577346
0.144363
-0.637383
2.330133
-3.301917
0.930997
0.192406
1.504230
1.503853
0.015188
-2.528620
1.176867
-0.060834
1.708984
-0.471433
1.195724
-1.124186
-1.543422
-2.492647
-0.127670
0.314176
0.554502
2.551650
1.086830
1.017642
-0.417415
0.157057
-0.221715
-1.318053
2.230507
0.663717
1.722151
1.282739
0.815504
-1.694553
1.019727
0.086880
-0.729430
2.952023
0.768670
0.915553
-0.634922
-1.342233
2.103094
0.735700
0.140606
-1.607070
1.009954
1.531801
0.381504
-0.036705
0.318983
1.735989
2.856162
-0.095719
3.381453
-2.312387
0.687416
0.805685
1.679269
-0.350261
1.423956
0.331616
-2.122481
-1.063653
-1.638973
-2.098510
1.469382
0.467864
2.919702
0.004112
1.636492
-1.560764
1.788405
1.873312
0.134272
-0.554432
0.305613
-2.133406
-0.202697
-0.786471
0.009017
-1.079995
-0.568935
1.934611
1.620994
1.564826
-0.239326
2.138284
-1.257652
3.015503
-3.434875
-2.010067
0.106465
0.769741
1.374766
2.193902
-0.880341
1.389437
0.873144
1.947134
1.427171
0.207062
0.117941
-2.564215
2.302940
-0.485792
0.985001
-3.312611
0.807834
0.735560
-0.276653
-0.282773
0.284292
-0.170082
0.677134
-2.350752
-0.362552
-0.602417
0.513981
0.758202
-0.124550
2.699457
-0.958615
3.154855
-2.635786
-2.513586
-2.518696
0.649010
2.242167
-0.962621
0.017279
-1.351664
-1.053520
-0.747742
-0.825338
2.002412
-0.052832
0.494519
-1.132560
0.006444
-1.061543
2.113240
-0.386805
-0.437891
2.057266
0.385661
-1.144973
0.618471
0.548724
1.684715
-1.859254
0.053976
-2.679917
1.188738
0.013653
1.272738
2.389093
-0.586696
1.127824
1.139161
0.289031
2.309737
-2.128405
-0.197083
-0.459920
-0.323216
0.067672
0.115045
2.330556
-1.887283
2.623794
1.176858
1.769333
-0.307765
0.279816
-1.686032
1.613989
-1.640972
0.514314
0.332667
0.640157
1.025557
-1.455250
1.600086
-2.689910
0.836330
0.755672
0.002147
1.391456
-0.805159
1.479276
0.248365
1.549716
-0.811656
-0.782518
0.564382
-0.730365
-1.276359
2.849202
-2.177004
-0.371708
-0.796827
-0.034624
2.062063
1.223094
1.410096
-2.705132
1.334729
2.439643
1.529020
0.716683
1.247647
-2.028359
-1.256997
2.444762
0.737232
2.697678
-1.910614
1.359434
0.686526
1.727387
-2.939003
0.432181
1.296831
-0.429349
1.610899
-0.541885
1.491318
-3.215174
-1.558322
0.015267
0.438083
1.794816
1.641711
1.104941
0.196888
2.718931
-0.557938
-1.577435
-1.149748
2.150265
2.106880
1.346687
-1.587011
0.151243
-1.210006
-0.266490
-0.630131
0.242971
-0.762497
-1.640452
1.532275
0.968535
2.677568
-1.640427
2.186230
-3.256190
-2.840541
-1.802532
1.432845
2.123981
-0.761330
1.895632
-1.954162
-0.009114
1.621053
-1.249527
2.896166
-0.815790
0.470466
-1.612757
0.184046
-0.965861
1.396404
-1.753674
-1.175542
1.686573
-1.108984
1.507796
0.655755
2.240780
-3.257011
-1.920745
-1.405765
-0.250673
1.486359
1.941069
-0.417661
-0.252006
0.714513
2.574343
-1.138611
0.189555
-1.715806
0.196539
2.043610
0.982827
0.172639
-0.016608
1.134551
-2.405421
2.728470
0.310511
-0.661780
-0.972302
2.401390
1.563871
0.595860
-2.451894
1.535167
0.819633
1.718309
-2.179949
-2.608552
-0.944895
1.773558
-1.095372
0.636387
-1.782393
1.501867
-0.618073
1.497581
1.356312
-0.242642
1.518797
-0.610943
2.021532
2.544099
1.232888
2.620345
-0.028988
0.073357
1.776288
1.141800
0.067249
0.972348
0.171112
2.290450
0.501984
3.281934
-1.660042
0.231140
-1.499214
2.858481
-1.000722
-0.498446
0.930785
1.678105
1.170151
-1.442765
0.739120
-1.258746
1.117196
1.173019
0.525644
0.640797
-0.226154
0.837365
-0.299762
2.316284
-0.563818
-1.553201
-0.304604
1.695280
-0.982658
2.438487
-1.236898
3.107299
-2.203707
1.517226
1.176923
3.172308
-1.848449
-1.885955
1.464568
0.075286
-0.471827
1.701754
-0.117584
-0.550030
1.977606
-0.010710
2.275558
-0.956857
1.779559
-2.296969
0.353504
-1.041542
1.794874
3.008181
-1.097273
0.946261
0.036182
-0.422380
-0.993627
1.732554
-0.904454
2.494641
-2.462840
0.178547
1.954717
1.247046
-0.469349
2.561142
-1.671326
3.163852
0.046923
2.495460
1.982073
2.259257
-0.017487
0.435752
-0.377342
-2.402914
-1.122886
-1.935621
-0.080247
0.964716
3.018446
0.426629
3.461869
-0.787074
-0.258611
1.143951
1.002976
-0.385719
-0.018710
-1.875508
1.179163
2.227180
-0.330283
1.916664
-1.945614
3.380279
-2.853900
-1.641050
1.540293
2.281881
1.005443
2.534767
-0.345793
1.039372
1.660019
-0.387638
0.953982
0.844146
3.384038
-0.034135
-1.598782
2.108787
2.467691
0.959059
2.201202
-1.226488
0.864080
-0.412168
0.343354
-0.530376
-0.480217
1.768968
1.913112
-0.029748
2.863910
-1.192171
-1.738117
-1.059136
0.557311
2.175709
2.490765
1.073306
1.770324
1.806297
0.404810
1.019414
-2.519880
-1.256220
1.403249
1.168245
-0.278372
0.987943
2.607506
-2.082300
0.575854
1.247800
-0.476886
0.484611
-0.852884
2.552075
-0.045953
2.235024
-1.919436
-1.136086
-0.873142
-0.501081
0.339280
-1.695005
0.362985
-1.063139
-2.890915
-0.850257
-0.834629
1.050249
0.686204
-0.008047
0.226281
0.038730
1.987414
0.028953
1.439557
-0.766528
1.545307
-1.363609
0.169398
-1.129375
-0.954980
-0.470263
-0.426778
-0.338742
1.501193
0.000394
0.507616
2.163055
-2.389050
-0.200323
0.286692
-0.657835
1.871415
0.367826
2.247223
-0.492380
3.456262
0.131227
0.319794
1.929449
1.132947
1.358471
1.500911
0.084646
0.178610
0.670869
1.593727
-3.218700
0.870373
-0.387652
2.394682
0.678117
3.294493
-1.330556
-0.284962
-0.418791
-0.282335
0.219990
0.189204
0.192666
-2.471611
-0.788695
0.429653
-0.407597
-0.972977
-0.867046
1.225038
1.009167
0.759932
0.096854
1.070195
-2.345517
-1.912432
-1.402329
-1.037353
-0.701307
-0.148902
2.040303
-2.641661
-1.131806
-0.367935
2.133830
3.147126
-1.440989
2.893444
-1.958235
-0.816757
1.827914
-1.018660
0.818325
-0.051402
2.634461
0.775819
1.956314
-0.073273
-0.018198
1.005234
0.137559
0.973982
0.631517
-2.012663
0.133619
2.727383
0.708700
-0.316004
0.863537
2.865192
-0.671791
0.149211
0.715694
1.171291
-2.038742
-2.160422
1.277457
2.173003
1.207135
0.472282
0.281059
-0.981426
-0.737365
2.033237
1.775036
0.778649
1.743816
1.365962
0.334361
-3.159314
-1.091066
1.091499
-1.193597
0.190148
0.933855
1.590208
1.013013
1.215041
-1.435075
0.017996
0.488108
0.208442
2.006388
-0.890567
2.209636
-3.313854
0.353680
1.042339
-0.326891
0.952349
0.931225
-2.022455
-0.263694
-0.505231
0.479386
0.710366
-0.839267
0.034592
-0.606468
1.726205
1.183520
1.772721
-2.457584
0.977864
-0.636905
1.163648
0.413768
2.159191
-1.662751
2.813329
-1.273409
2.413202
-0.385478
0.795734
0.494800
3.363880
-2.431192
1.129189
1.598058
-1.178455
0.123572
-1.505458
3.318941
-1.154061
0.743338
0.923329
0.587210
0.513878
1.291394
1.995344
0.222375
2.546594
-3.302628
-0.941280
-0.863025
0.960751
-0.269724
0.329894
2.266663
-2.973336
1.174299
-0.475688
1.587017
2.316662
-0.093336
0.016029
-1.660524
-0.299487
0.225134
-1.483152
1.058128
1.412899
0.099194
0.315481
1.067413
2.066528
-1.238454
-1.538432
-2.972575
0.479342
1.068490
0.394618
1.119025
-1.796924
0.409086
1.838057
0.145647
0.191353
-1.176634
-0.126912
1.019697
1.861225
0.141394
2.849473
-0.693721
3.413790
0.269141
0.641340
2.198463
-1.339553
1.251491
-1.453247
1.965168
1.071682
3.085918
-0.802997
-1.627561
-0.771180
0.648474
-0.899612
2.289745
-2.085454
0.905654
-1.997090
3.157671
-3.330508
-2.639571
1.193999
-0.652580
1.409273
0.968716
0.317879
1.035256
1.394663
-0.117450
0.423340
-0.257535
0.631499
-2.989684
0.238471
1.111730
0.841682
-0.264370
1.328629
1.610152
-0.889317
-2.142084
0.031463
0.919709
0.895231
2.374736
1.607818
0.752487
2.198187
0.706644
0.702896
-3.208179
-2.765916
-1.322763
-2.117669
0.370916
1.118142
0.514616
1.212592
-2.092931
0.712852
2.335037
0.837495
0.894911
-0.271108
2.861725
-2.389476
-0.111274
1.875226
3.173234
-1.475525
2.474281
0.486186
1.059113
-1.022612
0.469400
-2.271778
-3.021072
-0.739541
0.206665
1.737425
-0.034502
1.045557
0.269217
2.137201
1.357997
1.022482
2.038542
1.002821
0.162116
0.571889
-0.627966
-0.857866
2.998071
-1.599134
2.574761
1.584612
3.264365
-0.784703
-1.730340
1.500741
-0.554377
0.026315
-0.046301
0.265380
2.075339
2.653193
2.181234
2.170992
0.227315
2.844600
0.267020
-1.483294
1.807037
1.586955
1.908989
-0.835684
3.013545
-3.309705
-0.324893
-1.480556
-0.066268
-0.803520
2.112215
0.176161
0.671095
2.234301
-1.218667
-2.894241
0.444589
1.385885
2.711060
-0.280063
2.767461
-1.691704
-1.071916
1.154820
0.510844
2.094197
-0.444234
1.139995
-2.219562
1.335947
2.014861
1.025576
0.830878
-1.802426
-0.256669
-1.872447
1.631404
-1.324731
0.366355
1.184224
2.872813
-1.109222
0.345534
-0.367165
0.593720
2.182391
0.686134
-0.156625
-0.956165
3.350402
-1.700154
-1.209935
0.590527
0.074126
1.853706
2.311052
-1.329668
-0.984003
-0.099163
0.561868
1.973251
1.096057
0.086703
-0.669493
-0.482700
-0.786866
1.272231
0.510727
1.465459
-0.207628
0.324523
-2.731881
-0.043334
-0.510943
0.672604
0.415335
-2.003201
2.179959
-1.591969
1.724290
-1.288901
2.739984
-2.315475
-1.839980
2.422502
1.232089
1.818253
-0.454005
0.349619
-0.682125
0.977100
-1.327021
2.371515
0.808128
0.580248
-2.255290
2.749210
-1.334880
-0.534322
1.008675
-1.355019
0.169754
-2.465595
2.098331
0.300821
2.001724
-0.385347
2.439377
2.049181
2.128058
0.332111
1.183148
0.050303
2.018859
-0.126021
2.072977
-1.664726
-0.435782
-0.077687
0.536882
-1.125028
-0.090607
1.737796
1.730711
-0.092712
-0.309353
-1.950405
0.721046
-0.411244
-0.617092
-0.015876
2.561831
0.104825
2.673153
-2.327568
0.159034
-1.569117
1.640591
1.793941
1.159209
1.404524
3.354384
-1.695368
0.256364
-0.609921
0.826684
1.488610
0.031232
0.514851
0.281690
2.721076
-0.147824
1.012354
2.492540
1.439662
2.217575
1.354389
-0.282315
1.114914
-1.742680
0.836381
-2.497184
-0.007542
0.873278
1.234837
-0.852885
2.197542
0.479890
0.076692
0.900226
2.421327
2.213281
-1.612662
2.260191
-0.521896
-1.758603
-1.575296
1.371849
2.421628
0.392230
0.826947
-1.158448
0.989332
-1.134912
0.236903
0.020393
-0.922757
-1.446226
2.097029
1.834008
2.236857
-1.611833
1.990772
2.367802
1.050302
1.454078
0.255263
-0.638181
1.256371
-1.137274
-0.142273
-0.230542
0.475081
-0.080663
0.774452
1.669718
-2.774694
1.395047
-0.408421
1.642051
2.448859
-0.957880
1.149424
-0.664261
0.072643
-0.155140
1.334123
0.107658
1.496474
2.002049
-2.749113
2.374318
0.528653
-0.453522
1.280750
3.241627
-2.817986
0.549933
-0.621382
-0.809720
0.514141
0.572182
-0.351476
2.013321
1.211884
0.136099
-0.572558
0.813394
0.745889
-2.260223
-1.552896
0.079286
1.810184
1.797131
1.523736
1.064478
-3.040328
-1.552743
-0.977206
1.126858
1.145502
-0.745315
0.672214
0.863402
1.161636
-1.326061
-0.264045
-2.862667
-0.384127
1.210005
-1.360549
2.423514
-0.276904
1.333356
1.703755
2.067060
1.212516
-1.057984
1.838599
1.435673
1.312557
-0.124687
0.392611
2.261413
2.364163
-0.951591
-0.096511
0.344983
0.170214
-1.664177
2.852382
-2.839188
-2.684721
1.604756
-0.445759
1.126095
2.408570
-2.676411
-0.310347
-0.133433
0.172591
1.535791
-0.277203
3.282047
-2.153142
-0.358509
1.000680
1.200021
0.464828
3.487932
-1.048193
-0.855931
-0.381831
-0.790268
-0.035753
1.496239
1.134825
-1.737375
-0.647653
0.991566
0.787648
0.940968
-2.019645
0.550900
-0.808228
1.593453
-3.058600
1.207611
1.539909
1.476969
2.715025
-2.028416
1.932305
0.514157
2.441700
-1.875046
0.616661
-0.459085
0.603745
1.222706
-0.364099
0.853558
1.020846
-0.163869
-0.598831
0.952688
1.568768
0.261582
-1.112239
3.078607
1.327246
0.654228
-0.200168
0.225575
-3.141061
-0.649601
0.582416
-0.660600
-0.703611
0.475837
0.385396
1.289864
0.538118
1.921529
0.399514
3.030949
-0.813941
0.270899
1.106371
1.650873
2.299511
1.516839
0.768955
-1.952336
-2.057109
0.405605
1.058884
0.306067
0.550976
2.011684
-2.903567
1.496932
-0.527811
-0.040235
-0.711972
1.063547
-1.590414
0.874533
-2.348100
-0.934702
1.950156
0.730580
1.449904
1.130192
-0.611777
-1.296372
-0.767769
-1.040028
2.146845
-1.305230
0.695718
-0.788043
0.281916
-0.398840
-0.019870
-1.236722
0.234006
1.183651
2.761519
-2.275849
-1.132330
-0.546640
0.912170
1.311334
2.357013
0.332321
-0.077046
2.631742
-0.325312
-0.147230
0.597971
3.089475
-0.668191
0.113768
1.093001
2.306492
0.257105
0.600566
0.494212
1.430283
-2.441236
-0.390829
-2.317608
-1.675768
1.827147
0.661332
-0.155355
0.201320
1.538914
1.251523
0.639991
0.351633
0.043892
-0.233754
-0.384769
1.571486
-3.456892
0.474096
-0.694256
0.717535
1.230773
3.391291
-0.878377
-0.474850
2.173748
1.659701
0.907614
2.311482
0.683872
0.941898
1.740721
-1.281482
-1.988242
1.437990
0.894750
1.480029
2.628337
-3.207955
-0.304214
-0.351611
-0.399837
2.112415
1.658147
0.627537
-0.565951
-0.390424
0.096392
0.473696
-1.955116
-1.106829
1.480150
2.247552
0.667018
0.799125
-1.133700
0.910518
-0.714243
0.345251
0.552565
-0.046010
1.809771
1.102053
2.965006
-2.984744
-1.025571
0.322336
1.995697
0.996859
2.817942
0.011764
0.264788
-1.047820
-2.451985
1.229589
-0.090315
-0.076944
0.670968
0.458770
-0.295905
-2.514606
0.848164
-0.720311
2.545326
0.652101
-0.066489
2.349856
-0.086291
0.825979
1.924748
-3.274395
-1.175372
-0.318114
2.556577
-0.312778
2.384037
0.159968
1.244827
0.353681
0.647274
2.799065
0.319104
2.116460
-2.076157
-1.792919
1.003622
2.621501
-0.324798
0.955200
-1.673830
-1.984516
-0.309250
-0.758751
2.054708
1.850546
1.702907
-2.245158
0.334658
0.948909
2.710079
1.373699
2.176383
0.100693
0.414364
0.377490
1.443788
-0.406300
2.392679
0.856972
1.229286
0.322893
-1.378677
0.184802
1.679878
0.746316
1.759763
1.314385
1.140318
2.033813
0.331472
-0.051213
-1.876485
-0.264780
1.152933
1.911652
0.702023
0.921202
-0.794989
-1.209749
1.742284
-0.348389
0.635872
0.635266
0.406779
0.770204
1.371912
-1.865494
-1.292613
0.090608
2.154350
0.846473
0.518161
2.933982
-1.759406
-1.254300
0.648918
1.635051
-0.672404
1.563649
-0.752218
0.310640
-1.285006
1.988142
-1.905179
0.506853
-0.546288
-0.959059
0.373732
0.944897
1.774180
-1.641872
-1.324848
2.014378
1.484926
1.678468
-1.189585
1.168378
0.480970
2.954738
1.004453
1.803178
1.048438
0.228276
0.272213
1.307545
-0.841774
1.179663
2.036719
-1.743122
3.139442
0.286506
0.051224
-1.207803
0.606101
-1.240281
-0.637422
1.923637
0.914635
1.640338
0.840548
-0.751095
1.248137
-1.296152
0.459396
1.259127
-1.265250
0.592559
0.489298
0.918042
-2.922040
-1.543081
-0.423394
-0.549160
1.781804
1.671893
0.783565
1.209318
0.717594
2.169015
-1.213261
2.706014
-2.384551
-0.819921
1.626296
1.377863
0.554173
0.205913
-0.409408
-0.065636
-3.361559
-0.819040
-2.021397
-0.230706
1.510574
2.276562
2.974389
-1.527491
1.112567
-1.380388
-1.836563
2.425740
-0.719621
2.694699
1.035191
2.082646
-0.999260
0.505613
-1.210084
0.052687
-1.446524
1.796175
0.585597
2.164590
-0.225910
1.827698
-1.470351
1.159828
1.759467
2.504896
-1.946601
0.020817
-1.896946
-2.289469
-0.146785
-0.621194
0.388803
0.235788
2.171774
1.687842
0.917610
1.292276
-0.312796
-2.042823
1.524603
-0.807228
2.299772
1.785900
3.447670
-1.577226
-0.855235
-0.028521
0.482561
0.879698
0.977033
-1.989606
-0.456469
0.001848
1.578597
-0.261708
-0.583490
0.076868
-1.056837
0.808518
-0.940939
2.431008
-0.492794
1.017339
1.196546
-2.430581
-0.485407
-0.859283
2.710070
-1.477935
0.305274
-0.657512
-0.024299
0.326555
0.883597
2.843366
0.005224
-0.439056
-0.396898
1.100769
2.318731
0.868627
0.404072
2.002688
-0.646128
-2.538168
-0.836121
-2.248679
-0.205906
1.101193
-0.131643
2.432418
0.282954
3.057029
-1.910133
-0.226591
-0.454462
0.909368
2.507438
1.875406
-0.218643
-2.272249
0.898077
0.380714
2.122100
-1.421232
-0.444702
-0.016168
-0.298889
1.917686
1.824464
2.500752
-1.061889
2.577653
-1.961969
1.583198
2.223975
1.997442
-0.538590
0.882643
-0.792220
0.504979
3.029950
1.236368
2.943429
-1.727474
-0.872069
-2.897882
-1.523843
2.004626
1.063498
0.213291
-2.678786
0.815448
1.283659
1.486878
-1.050069
-0.013544
0.369585
-1.061352
1.975017
-1.328416
2.087441
-1.589068
0.696218
0.480769
1.653777
-0.412331
-0.236949
-0.169132
-0.318911
0.439691
1.770546
2.460507
0.970387
1.484215
-0.111003
-0.548830
1.471970
-1.405919
1.822933
-1.711926
0.576219
0.329128
-0.437163
1.302206
-0.028096
-0.105256
0.424728
0.258464
1.518678
0.232566
2.491738
-0.211686
2.142356
-2.088980
0.109806
-0.732086
1.950358
-0.111149
2.106827
-1.598235
-0.401053
1.251138
1.893935
-1.247469
0.068838
0.554290
2.828056
-2.065476
1.392562
2.215674
1.910893
1.057061
-0.557347
-0.426888
-0.525086
0.409070
-0.393609
-0.557325
-1.693299
1.397018
1.365161
1.038415
0.195088
1.180295
-0.600131
2.031368
-0.932284
2.200439
0.612925
1.346019
-0.846957
-0.331919
0.788886
0.173521
1.002304
0.366240
0.174885
-1.555028
1.486318
-0.183044
0.614859
0.306497
-2.026062
1.533360
-0.007702
1.845363
-0.184864
1.715360
-0.596019
-0.533507
1.840184
1.338243
1.342278
1.197373
2.559981
-0.158919
1.722449
0.225092
-1.270395
1.553776
1.713652
2.622830
-0.077208
2.439726
-0.656163
-0.914509
0.230470
0.968676
1.883636
0.849110
0.001922
-1.608891
-0.562546
-1.802212
-0.198731
2.035411
1.309199
0.427041
-1.768495
0.148365
0.163500
-0.978541
0.078011
-1.529296
-0.360348
0.166236
0.305404
-2.646744
0.711557
1.541792
-0.636376
-0.428667
0.066037
-2.681514
1.972394
2.324183
1.022754
0.633133
1.808622
-0.350379
-1.378035
0.750362
-1.560992
-1.228380
-1.300273
0.861396
-0.357018
0.941957
-2.693958
-0.629976
1.670208
0.741744
2.389864
2.104309
2.703197
0.549319
2.767988
0.638052
0.349094
-3.400723
0.691166
1.482412
0.499180
2.097808
0.268631
-0.486376
1.231073
-1.335425
3.289270
0.506774
1.574355
0.500219
0.210126
2.174544
0.262534
0.624567
0.751230
1.953191
-1.594641
-1.793345
-0.157299
0.786165
1.577108
0.995506
-0.198826
-0.846309
1.817704
-0.876064
1.983492
0.230190
0.767260
0.735694
-0.001159
-2.640015
-1.473987
-0.605053
-0.107523
-0.118650
1.137351
1.355832
-0.702949
-1.133873
2.860345
0.224231
0.821969
-0.866870
-0.810814
-0.600712
0.224346
1.004806
-0.298403
1.133826
3.009472
1.067589
2.462996
-3.678341
-0.182668
-1.336403
-2.187838
1.685377
-0.226582
-1.208565
3.394984
-1.894948
1.731208
2.486025
1.235151
-0.199545
1.280445
0.017683
-2.808988
-1.685977
-0.492271
2.120800
1.383857
-2.444864
0.379928
0.468135
0.039860
-3.307238
0.405838
0.952997
-0.638956
-0.878214
1.120537
0.008103
-0.217234
1.533832
-2.956942
2.030452
0.618541
1.387894
0.073788
0.397830
0.290224
-0.510808
-0.295593
1.054429
0.209579
-0.332576
-0.702721
1.699827
-2.384672
-0.574157
1.427269
0.278733
0.921821
-2.484695
1.511430
1.021557
3.341290
-2.719786
-1.170206
1.418801
1.325746
1.596211
0.014290
1.123899
1.478994
-0.734120
3.344892
-0.005786
-0.039770
1.650244
0.338983
0.793551
1.105909
-0.566690
-0.324368
0.736325
2.277864
0.389744
0.725756
-0.217301
0.413241
1.643352
-0.060581
0.806152
0.438897
1.236090
0.099141
-0.169233
0.631360
1.994739
-1.100215
1.091542
-1.224335
0.628925
0.642928
2.853029
0.611139
2.120186
0.590892
0.808072
-0.155695
-2.142979
-1.108005
1.375252
0.293259
2.882573
-0.271875
2.525744
-0.957950
2.142968
-2.810688
1.435143
0.818060
1.749857
0.474856
2.731298
-0.560024
2.885672
-1.021602
2.895206
0.812155
0.072299
1.531349
3.154965
-3.173724
1.724602
1.979790
2.006724
0.782915
-0.278454
-0.113858
-1.631943
1.342074
-1.316142
1.691611
0.515960
2.094860
0.772038
-0.685583
2.334190
-0.826167
1.894701
-1.125735
1.386371
0.432897
-0.908550
2.439882
-0.808988
3.155336
-2.296911
-1.040499
-2.188531
-0.809150
2.000308
2.183492
1.340592
0.100955
2.235103
-3.091560
-0.543980
-0.535591
0.246675
0.039669
0.939894
0.822819
-1.449113
2.760534
0.440459
2.894209
-1.720459
0.288345
-0.274898
-1.237343
2.031826
2.411233
-0.483504
3.169077
-2.665592
1.848927
1.778497
-0.031379
-0.205088
0.340180
2.699421
-0.420059
2.333405
-3.052739
1.181307
0.270888
-0.827678
0.555076
0.216265
0.046179
-1.515047
-1.073900
-0.533516
-2.054600
1.878583
1.102471
1.320062
-0.244723
1.567875
-2.516896
-1.972622
-0.080075
0.157756
2.308276
-0.547936
3.044381
-2.833939
0.693136
-0.030457
-1.277130
1.098058
1.081353
0.470823
0.166734
1.974436
-1.748575
1.603942
-1.238793
-0.357452
0.471877
2.195710
-0.813497
-0.157608
1.146952
1.808095
0.637391
-2.115122
2.121283
-0.150386
0.465206
-2.645479
-0.545600
1.817254
1.684335
2.143867
0.479054
-1.074715
1.477147
-1.427418
3.267008
-0.275675
-3.178658
-2.966827
-0.820787
1.892505
-0.756011
0.668532
3.164882
-0.831637
0.873518
-1.773456
1.269145
1.920136
2.523054
1.949314
-1.049483
-0.187983
1.314108
1.606677
-2.490566
-0.758276
-0.797371
2.374366
1.775771
2.671816
-1.387675
0.418083
1.632853
0.716293
1.249483
1.709628
2.274803
0.537720
2.334656
-3.141914
-0.773534
0.628596
0.349647
0.248739
-0.432180
2.916259
-0.403453
-2.886647
0.501221
-0.326751
-0.489469
0.947583
-2.736397
1.862290
-1.488272
1.099315
-2.050564
2.181331
2.019279
2.540528
1.389864
2.234683
-1.394544
-0.288420
-1.490111
-1.924752
2.495478
1.432778
2.663677
0.118081
2.334270
-0.571884
0.147982
-0.530222
-0.243517
-0.849001
0.491002
-0.426538
2.211894
-0.378880
0.949798
0.772335
0.138535
1.959303
2.765034
-0.471794
2.151062
0.042536
1.396972
-2.869747
-0.576463
0.070447
0.468283
2.651559
-1.207285
2.984381
-1.670712
-0.277485
-2.057572
-0.650564
0.309355
2.457287
1.432301
-0.256499
1.161303
0.355632
2.474633
-1.424625
0.249022
-0.153265
0.254458
-1.455241
3.037366
-1.174789
-0.107759
0.440730
0.325382
2.144721
1.401321
0.117673
-1.646080
0.151380
2.529970
0.236193
2.387091
0.303439
1.382320
-1.117482
1.068638
-2.130347
1.112792
1.050629
1.680798
1.518576
0.046645
0.840745
-1.546647
0.486467
-1.531287
0.087666
1.547586
0.681457
-1.474610
-0.577343
1.375368
-0.342214
0.383541
0.166390
-1.905301
0.838570
0.443670
1.871098
-0.281459
-1.004874
2.192283
1.011278
3.480245
-0.131256
0.421937
-0.473434
0.442320
1.430917
-0.428078
1.151938
-1.339375
3.250745
-1.377179
1.367476
1.268128
0.713868
0.987153
1.184104
-0.040430
0.106332
1.344407
0.104726
2.754858
-2.292862
2.975561
-0.741018
1.327875
-1.247620
0.955827
1.404089
1.505906
0.080682
-0.189660
0.406336
0.401449
-0.432921
1.817558
0.998713
0.783603
-0.816826
-0.583115
-1.825206
0.592663
0.692964
-0.528137
0.196450
-1.669506
3.287253
-2.381715
-1.764164
-1.449791
-1.924494
0.263718
1.767401
3.170837
-0.089340
-2.015691
0.978225
-0.353903
1.839528
-0.609717
1.900626
-0.739348
2.149331
0.533558
0.445863
-1.257757
-1.609711
-0.113748
-0.552192
-0.273383
1.348009
1.722243
-1.424319
-1.390377
0.569882
0.505212
0.022504
0.634966
-1.181071
1.856060
-1.336883
-0.152390
-2.455211
-1.130185
1.524082
-0.035049
-1.299367
0.433890
-0.912419
-1.936570
-1.403926
2.039554
-0.041220
1.941798
-0.262107
0.422796
0.281733
-0.589967
0.866999
1.479605
1.738698
-1.393862
1.821604
-2.610757
-0.292109
-0.138396
-0.023205
0.585468
0.434774
0.434005
-0.652797
1.189071
1.593691
2.489709
-1.361085
-0.289722
-1.631686
1.059501
-1.081836
2.058991
1.705763
2.005329
1.832574
1.061286
2.335401
-1.624218
-1.740217
1.266816
-0.201115
1.307217
-0.152014
2.675277
-2.591328
-0.528119
-0.218012
-2.266857
1.679420
1.991530
1.834213
0.822742
0.751670
0.982318
-0.326615
1.680014
1.139311
0.624636
-2.150294
2.918890
-2.448483
-1.286578
2.232267
0.337022
0.518878
-0.569129
2.442997
-3.016662
-0.422203
1.305548
2.055427
0.671683
0.097069
2.546520
-0.471315
2.511348
-1.391586
0.814182
0.045356
0.474113
0.362760
0.364306
-2.597228
-2.025949
-0.845884
1.120238
-0.663716
0.052515
2.483885
1.222078
0.687295
-2.026169
0.014791
-0.256819
2.146939
1.020436
1.855142
-2.561104
-1.548496
-0.857023
0.804624
0.772481
-0.572045
1.572638
0.003693
0.089923
2.190784
-1.074373
2.963102
0.660798
2.947323
-0.878248
-1.156227
0.881064
-0.447742
2.200896
2.322819
-0.334713
1.787773
-2.554991
-2.118792
1.666259
0.852769
-0.254046
2.132478
-0.003166
0.417944
2.271424
1.704124
2.565929
2.151445
0.893303
-0.055114
0.603494
-2.481719
-2.788287
-2.404021
1.845068
0.271456
-0.737303
0.284973
1.243844
2.078583
-3.215062
-0.199044
-1.908707
-0.793720
0.474315
0.470267
-0.056205
-0.190090
3.503092
-2.814942
0.682121
1.243136
-0.487991
0.476220
0.199135
-0.578612
-1.007644
-0.670398
1.006871
1.136654
1.107839
1.591407
-1.573383
2.127124
-0.919703
-2.193061
-1.430220
0.431915
0.128034
1.410747
0.588106
2.773952
-2.474916
0.111416
-0.951787
1.893085
-0.625234
-0.442837
1.190626
-0.150190
0.248068
-2.410373
-1.902739
0.628816
1.312281
-0.658449
0.711280
1.806327
1.512679
-0.815067
2.081725
-3.344700
-1.315629
-1.089304
-0.737314
-1.427288
3.001140
-2.917825
0.688370
2.593336
1.294372
3.099121
-0.471559
1.728477
-2.294346
0.840448
0.213690
2.511327
-0.938744
-0.992637
1.444247
1.884957
0.295416
3.225307
-0.908417
-1.083666
2.349186
-0.312923
2.353111
0.019696
1.132927
-2.082525
1.977908
-2.627499
1.052628
1.180195
0.662057
1.262811
0.657701
1.262017
-0.673076
-2.283263
-0.710799
1.752825
-0.426979
-0.765542
0.622231
-0.742458
0.066717
-0.406915
-1.103961
1.830028
0.099220
1.766984
1.671331
0.643040
-0.561401
3.248766
1.090376
1.708439
0.347343
0.874612
0.739836
3.019546
-2.234514
1.785323
-0.209631
-0.349366
-0.203560
0.442299
2.875673
-1.490759
-0.757986
-0.953435
-1.341162
-0.971457
0.200487
-0.631577
1.418741
-1.478667
1.851670
-1.087692
-0.054536
-1.721628
3.427487
-0.231195
-0.938391
0.548778
1.279909
1.127522
1.407882
-1.365170
0.071614
-1.508691
-1.445423
-0.446474
1.171693
2.480282
2.097605
1.009141
-2.080463
2.172013
1.980824
1.381285
0.951325
1.188385
0.466244
1.124839
-1.786281
1.409995
-0.604478
1.624630
-0.603972
0.100028
2.939048
-1.529113
0.240268
-0.084495
-0.042974
0.321628
2.683678
0.018089
0.215181
-1.012699
0.386740
-1.064479
1.653990
0.829993
2.382041
-1.445488
-1.426638
1.428765
-0.707029
2.114904
-0.354155
2.347871
-3.177780
0.319400
-1.591466
0.992247
0.305438
0.718841
-1.406567
3.307960
-2.061619
-3.136085
-2.708827
0.885850
0.327500
-1.358349
1.130012
0.514619
0.282897
-1.970584
0.930184
0.933103
1.772230
0.196885
3.114151
0.265140
-0.846767
-0.869875
2.263976
-2.283633
-0.411077
2.399668
-0.773290
0.182013
0.568849
0.176100
-0.255717
-1.923257
-0.383687
-0.454170
0.321456
2.336473
-0.008277
-0.115338
-0.356316
1.866240
2.095284
0.478695
0.369314
-0.003733
1.501364
1.226998
3.026791
-2.959756
0.048209
-1.209854
-0.640737
0.747045
2.813623
-0.676390
2.337027
-1.676189
2.577906
-1.993402
-1.672355
0.161010
1.883631
0.401218
2.141788
-1.643513
0.092778
-0.011899
-0.490981
1.147694
1.834108
0.985761
-0.914714
1.566767
-1.864520
-0.083771
-1.813937
-1.049823
1.035509
0.570919
1.877080
-1.145674
0.727989
-0.526542
-0.335786
2.965624
-0.869625
0.907558
-3.016135
-0.964851
-1.360682
0.185498
-0.687882
0.479727
-1.706548
0.527263
2.053764
-0.281616
0.350466
-0.165287
0.613878
-0.199143
0.355263
-0.338094
2.164532
-0.468634
-0.188746
1.557116
-0.935717
0.520041
1.961919
-0.106632
1.683278
-0.289327
3.101382
-1.698553
0.457614
-1.580316
-2.965221
0.488910
-0.806682
2.143337
0.843814
2.925997
-0.445487
-0.964105
0.867291
0.066845
0.642318
-1.642683
0.855316
-2.241395
0.693250
-1.082232
1.082672
0.794728
0.145520
-2.848648
1.668254
0.702423
0.700661
1.487796
0.299848
-0.197523
0.257311
0.395358
-1.711028
-1.732389
0.252064
2.020113
1.208515
0.298892
-0.168806
-0.117687
0.178413
-0.385575
2.349351
-0.838152
2.364539
0.108706
-0.516493
0.712527
0.265367
-0.988805
0.791446
-0.908630
3.130201
-0.506689
2.671231
-3.383542
-0.779332
0.145390
-0.090187
-1.542595
0.514900
-0.082153
0.434403
0.441391
0.525614
-0.834787
1.786616
1.152856
0.028647
0.028968
-1.226376
0.555064
-2.708337
-0.234948
-2.466990
-2.400458
0.960246
2.068648
-0.347412
2.555656
-0.915246
0.521862
-2.744912
-0.766377
-1.014595
0.071618
-0.086588
-1.171397
1.728175
-0.621395
1.799284
-3.281880
0.814998
1.204984
1.790392
-0.340908
-0.472427
0.298552
2.104089
-1.935980
0.453918
-1.862807
1.898518
1.537907
-0.593327
2.099809
-1.720323
2.056994
-0.276457
0.459003
-1.856801
0.163488
-0.730973
0.288026
2.165909
-0.437566
0.760078
0.135030
0.031911
0.682550
2.285231
0.156084
1.088869
3.167823
-0.085253
-2.253727
-0.754842
-2.424807
0.205669
1.828535
-0.969860
1.377999
0.061573
0.463640
-0.365353
-0.657537
1.060840
-0.019339
3.240277
-0.553375
-0.508208
-0.190173
1.107816
-0.057596
-2.099365
0.064261
1.312114
-0.118979
-0.139673
-0.047924
1.142069
-2.435642
0.353383
1.687284
1.757519
1.151774
0.147380
-3.018879
0.789523
0.974727
1.643363
0.595058
-2.376104
0.796915
0.622491
1.585652
-1.134973
-1.339501
0.857489
0.605637
-0.658368
2.384706
-2.677258
0.055337
-1.753887
2.942930
-1.051659
0.735609
-1.462008
1.597285
1.909023
1.513689
-0.598814
1.549900
1.187029
-0.088204
1.097205
-1.247157
1.200423
-1.746578
-2.859715
-1.698916
2.534106
0.893790
0.812486
-0.045944
0.683616
-1.122663
-1.908131
-0.500711
1.180000
-1.345338
3.177482
-2.442567
-0.117587
0.546214
1.347940
1.011543
-1.538416
0.009206
1.536130
1.786672
-0.176431
-1.519463
2.027606
2.529274
1.954477
2.125911
-0.283488
-0.984362
1.751071
1.162104
2.156292
0.944892
-0.005504
1.824807
3.396141
-1.267068
0.533410
1.237790
0.943385
-0.351785
0.191055
1.084375
2.351028
1.915112
-1.213615
0.363103
0.509978
-0.691115
0.473920
2.607019
-0.898160
1.927894
1.576980
3.112602
-0.878291
0.553837
0.029426
1.391950
-0.033207
1.710435
-1.609812
1.591957
1.247156
1.440011
2.487628
0.685001
2.485007
0.107853
2.584377
-1.077170
0.673585
0.441239
1.341764
2.201115
0.912968
2.226743
-0.284856
-0.035476
-0.109070
-1.123918
1.465552
0.694591
1.016378
1.425841
-0.937017
2.279751
-2.340777
0.636472
0.436098
1.724588
0.899516
-0.813431
1.778132
-0.837096
1.029703
1.961003
1.967423
0.233090
-1.325875
0.410698
-0.374314
0.450524
-1.264778
1.621651
1.962184
-1.013824
2.047153
-0.560329
1.720759
0.582140
1.765628
2.129240
0.468897
0.205208
1.764274
-0.824240
0.575803
-2.840822
0.377238
0.547020
2.365606
0.175227
-0.612172
0.388588
1.301866
3.044294
-1.413612
-0.953056
-0.935925
0.193275
0.286959
-0.451996
2.645687
1.004893
0.612650
-2.221909
-1.813478
2.695403
-1.008299
2.706750
0.477885
2.275992
0.420568
2.031466
-0.436892
-0.330634
1.282770
1.834422
-0.564735
1.159822
1.781562
2.262721
-0.424444
-0.195947
0.208642
-0.379698
0.272038
-0.412936
-0.393554
0.857696
-0.322444
0.109505
1.233493
2.332579
-0.017288
0.662465
0.710351
0.274886
1.455402
3.012500
-0.890110
2.900595
-0.559637
2.726186
0.132185
0.798048
1.454073
0.209868
2.225362
-2.345809
1.102260
-1.001488
1.210763
1.060704
2.235335
0.316463
1.468730
-2.007411
3.116084
-0.000186
-0.139424
-1.301951
1.120791
1.455208
0.500191
-0.297073
-1.084812
1.837580
2.119246
-0.213429
0.010154
2.085732
-3.471549
-1.516733
-0.271379
0.601869
0.430527
0.515591
-0.336917
1.703417
-0.837587
0.183969
0.087403
0.533856
-0.047897
-1.033191
1.691496
-0.473240
-0.279859
-0.657571
2.355399
-1.532672
0.070853
-1.872057
1.790738
2.259732
0.937827
1.956080
-0.293800
2.786736
-1.051830
-1.701827
1.434778
0.356158
2.826693
1.444013
2.486357
-3.052497
-1.075380
-2.469990
0.721097
0.999712
1.321487
2.305547
0.235720
-0.640894
1.830556
-0.089857
1.124923
-1.988374
2.552989
-1.993652
3.168768
-0.092217
-0.988771
1.298574
1.055535
-1.562812
3.390508
-0.264151
-0.107251
0.380908
0.261747
2.856948
-2.006578
0.719683
-0.163817
0.739645
0.764790
0.498551
0.414014
1.296475
-3.103657
1.249308
-0.820445
-0.255068
1.565679
-1.895834
0.438119
-0.805678
-2.435585
-1.349462
-1.650497
1.217179
0.811166
2.029023
1.362611
0.686280
1.398959
-0.117922
0.809499
-1.473514
1.872857
-0.730918
-0.633051
-0.133683
1.362026
-0.935143
2.660489
-2.332838
0.658522
0.341561
3.424925
-1.734303
-0.774429
-0.421639
-0.089916
2.061376
0.323340
1.803099
2.618349
-1.842297
1.907392
1.689892
1.083648
0.189957
-0.770094
3.444044
-0.499440
0.690032
-1.880561
2.674890
-0.741878
1.128066
-0.247974
-0.846524
0.614110
1.740546
0.428654
1.042220
1.541103
-2.858157
-1.475031
-2.603542
-0.118674
-0.166998
0.243626
2.621762
-1.625489
1.829362
2.105850
-0.778829
-0.166739
-0.360789
0.046638
-1.676302
0.410187
-2.486681
2.087442
0.799225
0.924853
0.261097
1.458359
1.971736
1.282314
2.749278
-0.693862
0.610080
-1.655238
2.099976
-0.849355
-2.330380
1.799921
0.362847
2.083905
1.291071
0.640578
-0.995427
2.230224
1.358072
0.314900
3.542451
-2.763253
-2.068549
-1.167719
2.231181
-0.445971
1.345610
-1.929702
1.904216
2.301996
2.416887
0.465052
2.507853
-2.312421
-0.513907
-0.593421
1.134711
-0.968683
-0.093837
0.521622
-0.809325
0.625709
-0.318411
-0.413576
1.111899
2.365793
-2.049810
-1.355509
2.411226
1.046822
1.405385
0.298486
1.225320
1.363708
0.211458
-0.460091
0.643761
0.601661
2.025076
0.516122
3.291849
-2.859836
0.727249
1.429777
0.356100
-0.286582
-2.377300
2.463340
-0.163142
2.062908
-0.078498
2.593815
-2.775284
-0.045428
0.330351
2.206720
-0.205518
2.755734
-0.650817
2.487405
-0.076771
0.445769
-0.411550
-0.056066
2.465885
-0.671314
2.662810
-1.877516
2.356979
-0.045669
1.798778
-2.950131
0.809548
1.991491
0.943711
2.448306
-0.392442
-0.430314
0.610192
1.777331
-1.224351
1.276807
-0.369594
1.329380
-3.350481
0.218911
1.570804
1.664913
1.413941
-0.095244
1.928550
0.328901
-0.093173
2.633873
1.978405
3.201332
1.004204
2.407581
0.646920
2.077973
-2.216784
2.656411
-1.280042
-1.181033
1.789368
-0.068164
1.608056
0.000479
1.994160
-1.805742
-0.214055
-2.342007
-1.107420
0.859443
-0.900131
0.260047
-2.407219
0.955601
0.051434
1.156115
-0.164446
-2.006884
2.868242
-1.126309
2.823783
-1.173962
-0.753095
1.734687
-0.799307
1.606977
1.827774
0.243012
0.091545
1.699203
-2.759977
0.245350
1.472827
1.100285
0.930046
0.366979
3.269740
0.326343
1.371766
-0.907198
-0.909289
3.095601
1.427605
3.176042
-3.052989
-0.772039
-1.884745
-1.358219
-1.047854
1.827783
1.159682
0.491882
-2.242180
1.297108
0.421103
0.262758
0.865777
-0.528117
2.248953
-3.685133
-1.590432
-2.932775
0.267883
1.661892
1.908874
1.264771
3.094209
-0.120220
-0.633673
2.667589
0.870565
-0.271964
-1.516325
2.871619
-3.115013
-2.511955
-2.827716
-2.075743
0.397149
-0.976486
0.815810
0.031961
1.506417
-1.348882
0.605566
0.510794
1.456906
1.430883
1.236603
-1.271582
2.523750
-0.437853
-2.255245
-0.837938
1.405203
-1.496430
0.167995
-0.090034
0.482840
1.988160
0.398084
-0.266991
-0.974179
0.004055
-0.172177
0.068364
-1.732973
-0.322419
0.207214
0.671393
2.477051
-0.085115
0.581685
-1.779651
1.841679
-1.225973
0.593744
0.924140
2.900872
-1.563898
3.150323
-2.447872
2.470279
0.724701
3.294420
-2.463083
1.294383
0.110386
-0.728428
-0.174441
0.365017
-1.730852
2.404811
-0.608801
-2.448946
-2.407102
-1.655010
0.450965
0.710002
1.272804
-0.544400
-0.064341
-0.879283
0.181686
0.257307
-0.306242
1.802526
-1.755588
3.067758
-3.127831
-0.054153
-0.476414
1.814557
2.569042
0.288842
2.611291
0.457348
1.381783
-2.122439
0.899280
-0.239473
0.414933
-1.362073
0.474140
-0.168313
0.201232
-0.311202
0.953866
0.119146
2.094083
2.385640
1.258727
0.865874
-1.633830
1.491273
-0.342347
0.530752
-2.077669
0.876355
-1.022656
0.629320
-0.040373
-1.611871
-0.888634
-0.742329
1.805966
1.801683
0.112773
-1.831424
-1.539960
-1.418870
1.408587
1.299844
0.768791
-0.922074
-0.174551
-2.731747
0.109528
2.063505
1.427251
3.195372
-1.998663
0.782919
-0.070536
0.468001
0.770876
-0.525001
2.597509
-0.710472
0.401985
-2.051069
1.849524
1.490336
2.611401
-1.103114
0.385470
-1.018197
2.384219
-2.201083
-1.083930
-0.251263
1.497744
0.075792
1.252602
0.532279
2.236901
-1.292611
3.424997
-0.035589
-2.630149
0.821264
-0.037949
-0.748481
2.536961
0.821245
3.426217
-1.955443
-0.006250
-0.150479
0.578133
2.546621
2.101877
1.104676
-0.864730
0.584951
-2.940928
0.719107
0.612710
-0.029262
-0.176395
-1.361305
3.017183
-2.876716
-2.472074
-2.162074
-2.285045
0.959315
1.831043
0.959608
1.264102
2.992704
-0.188856
3.177657
-1.175468
0.254150
0.549088
0.719116
0.256937
0.569525
0.526907
-0.375415
-0.051526
-0.453479
1.585503
-0.629234
0.409267
-0.225536
1.512881
0.137602
-1.115838
0.010342
-2.267684
-0.960062
1.584683
1.557824
-0.863643
2.505607
-2.462990
-1.996794
-0.144707
-0.852102
1.863969
1.732884
-0.120239
2.042064
-0.290595
-1.051979
-0.194295
0.488966
3.348132
-2.384186
-1.896497
1.514458
0.700203
-0.153695
-2.397532
-0.011348
-0.860088
0.796553
0.155262
-0.645362
2.771743
-0.228601
1.065896
-0.910859
2.184798
-0.636665
-1.077284
1.388344
2.225444
2.154073
-0.990048
2.873135
1.269759
2.900233
0.260296
-1.150077
0.313807
0.541084
0.214960
-1.035785
1.447863
-1.642323
3.038836
-2.454334
-1.613187
-0.029154
1.854150
1.906587
0.916800
-1.663488
1.501948
2.391032
2.024620
1.606182
-0.666855
1.486909
1.172200
3.398776
-2.253265
-1.437446
0.266674
1.158336
0.130830
2.158654
-1.084881
0.692620
-1.506053
1.346743
-0.704677
2.190669
1.341261
-0.181129
2.490972
0.217432
2.927386
0.280361
1.283463
1.827624
1.930336
-0.798735
0.170748
0.039966
-0.750674
-1.183007
-0.317815
-1.652175
0.132269
-1.987987
1.042698
1.615824
0.371288
2.677669
0.552257
2.351797
-1.526400
2.198363
-1.317622
0.360357
2.364661
-1.072775
-0.049804
-1.768197
2.010778
-2.989442
-0.787908
-0.360367
0.413991
-0.202032
-2.157723
0.119239
-1.278180
1.069069
-0.826757
-1.678480
-1.571976
2.272434
1.730034
2.312093
0.394898
0.105852
-0.582048
-1.046515
0.903576
-2.229224
1.308366
-1.696695
1.026857
-1.036959
0.358928
-1.980621
-1.592097
-0.525254
-0.229888
-0.721965
1.515034
1.413827
3.082935
-2.530634
-0.752580
-1.485725
1.594938
1.062628
1.397326
0.601922
0.537502
2.408797
-0.754400
-0.088758
-1.096082
-0.103536
-0.182903
2.614594
1.810285
1.898973
0.398021
0.687299
-1.569776
1.844838
2.783059
1.030970
1.037983
-2.152438
0.696401
-2.494464
0.671719
-0.563170
2.392581
-1.052633
0.977061
0.439974
2.761461
-2.141326
2.058987
2.220807
-0.184143
1.023331
3.286840
-1.083408
0.844356
2.643852
-0.070151
0.797441
-0.569122
0.646007
-1.758393
-0.190641
-1.876427
1.477755
-1.836091
-1.052485
1.556065
1.225543
0.859019
0.886002
-2.075548
2.025037
-1.129655
1.837741
-0.113842
-0.077398
0.143289
-0.728356
2.231330
0.131003
2.691958
0.855809
0.615161
-1.142573
1.759988
-1.571569
-0.075393
-0.490945
0.419150
2.729525
-0.605235
1.398023
-2.085639
2.576886
-0.982785
0.306500
-0.477568
-2.609260
-0.988209
1.021415
-1.572767
2.663654
-1.210752
0.315450
1.109080
-0.206840
1.545317
0.647667
0.335007
-0.571959
1.192828
-2.005581
0.949200
1.046915
-0.177468
0.456003
0.505105
1.030552
0.768635
-0.345310
-0.343980
1.433200
1.310165
0.669462
-1.580574
1.972378
0.872070
2.754878
-0.562055
1.825934
-3.044710
0.463204
0.658763
-0.391072
2.763560
-0.937063
2.450565
-2.528308
-0.620026
-0.716291
2.722463
-1.501559
-0.738596
1.936885
-0.281897
1.964348
-0.438413
-1.181043
2.718609
-2.552978
0.420813
-1.840426
-0.760459
-0.136345
0.352196
0.074245
3.168266
-1.026575
-0.593976
1.091511
-0.676950
-0.191010
-0.019704
1.790898
0.603951
0.656878
-0.692031
1.665913
2.762121
2.144273
2.516631
0.334523
2.895782
-0.648526
0.341683
-1.728183
-2.099868
-1.099500
-0.519024
1.130209
1.427537
-1.346278
0.478476
1.010369
-1.025085
1.299434
1.563795
2.654821
-1.406635
-0.898465
-0.976501
-0.402112
2.011952
2.436757
0.815878
2.188614
-0.106795
-0.089546
-0.107069
1.187914
-2.413870
0.451421
-1.371088
1.219313
-1.207948
0.035405
0.284007
-0.200382
1.120969
3.163940
-0.130885
-1.781843
-1.116241
2.395878
1.246647
1.161184
-2.449834
-1.121922
1.023818
1.792479
0.336576
-0.332848
2.354899
-0.060759
1.483828
-1.486872
2.165278
-2.840317
-2.970298
-0.717028
1.677856
0.775542
2.427810
0.775455
1.393489
-1.316001
2.582476
-0.421003
-0.837602
2.113379
-0.363434
0.115720
3.563071
-2.246423
-3.145879
-1.265786
1.132289
2.351688
-0.227869
2.064967
-0.714007
1.531579
-2.158167
-0.778976
0.424099
1.448265
2.373740
0.233175
0.915515
1.106751
0.005451
0.155546
-1.182363
0.345889
-0.018524
-0.783120
-1.048189
-0.223949
-1.286824
1.960834
-0.930530
1.095006
2.409925
0.757135
-0.141102
-0.215802
-1.447621
2.617721
-0.168718
1.301075
1.943854
0.393414
2.558746
-1.112958
1.240704
0.002761
2.836732
-0.382655
-0.770764
1.216018
2.811280
-1.548439
1.586187
-0.515096
2.024080
-1.388120
3.013512
-3.375159
-1.413801
0.241415
0.088839
0.639384
-0.158424
1.910780
-1.801923
2.650922
0.049262
-0.524329
1.072253
2.511250
0.490138
1.177747
0.875263
1.678924
3.165460
-3.193587
-0.009505
-1.170323
0.962717
-0.873456
-0.042898
0.528226
-0.978221
2.970533
-0.965531
2.515338
-1.165049
1.989959
-0.885823
1.426357
0.330984
-0.162753
-1.326637
1.056465
0.254076
1.907285
3.233733
0.811916
0.789079
0.729268
2.526108
-1.764270
0.799161
-1.111323
1.520121
1.375405
-0.237227
0.404250
-0.727467
0.442567
1.158439
0.417301
-0.022983
-3.040151
-0.060724
-0.457575
1.584543
0.564109
1.691637
0.882466
0.144365
-1.633820
-0.069152
0.882716
1.994336
0.173982
1.428892
2.115377
0.384158
2.772633
-2.311169
2.104415
-2.688822
1.772398
0.614029
2.011948
-0.766470
2.469823
-1.224277
0.463396
-1.656746
0.477003
-0.977513
0.935378
-0.623338
2.799271
1.776184
1.983198
-2.867339
1.029897
-0.385729
1.033584
0.711582
0.795921
0.642652
-0.506473
0.350745
0.133697
0.860229
1.041809
2.573125
1.940295
-0.125272
2.593223
0.641601
1.418915
-2.176775
-2.681578
-1.576131
1.819097
1.567271
3.353280
-1.935435
0.101873
-0.333474
2.169967
0.509163
-0.467346
0.330936
1.491935
2.679635
-0.550779
1.796481
-0.230464
-2.182176
1.586329
0.695184
0.997571
3.037135
-2.577409
1.165952
-0.278704
1.651642
-0.209886
1.040988
1.167422
-1.016843
3.038416
-1.805524
1.772357
-3.181771
0.178919
-2.948141
0.864196
0.544990
0.889598
2.334871
1.120118
2.859355
-2.318620
-0.546360
-0.087725
0.076138
1.273340
1.083136
-0.770306
1.797916
2.369329
-0.452992
2.063349
0.310004
0.619598
-0.668484
0.021890
-0.136291
-0.486661
1.118005
1.095342
1.906519
3.229667
-2.700510
0.887525
-0.628040
-0.079538
1.571822
-0.097591
-0.272167
0.959463
1.204454
1.400149
2.224298
0.569479
0.816745
-1.879392
-0.252145
0.732432
-0.418057
1.631528
2.281411
0.121261
1.736547
-1.078624
-2.178805
1.299439
1.504616
1.349685
0.498117
-0.445082
0.115521
2.245880
-1.168907
0.443778
-1.606115
1.371017
-2.796305
1.232632
0.807471
-0.463954
1.700618
-0.753031
1.798734
-1.694077
1.473401
-3.212258
-1.866247
-0.047360
2.237216
-0.650308
0.828350
-3.018234
-1.422757
2.384812
-0.468400
-0.007402
-1.379153
0.646445
-2.676401
0.451914
0.277152
1.773552
-1.760315
0.044939
0.404075
0.640750
-0.172044
0.362194
-2.391133
0.130132
0.165045
2.404778
2.359429
0.045603
-0.650864
-0.622536
-0.044528
0.570682
1.842399
-2.584779
0.763889
-0.630264
0.224904
0.756468
0.447008
-0.663292
-0.464411
1.146007
0.692979
-0.242866
1.100202
2.792511
0.069967
3.155529
1.262309
-0.006796
-0.912458
-0.001480
1.988098
0.008300
0.561132
-1.400119
1.422391
-1.996205
-2.808863
0.267149
-1.329922
1.528519
-0.158802
1.545163
0.415500
2.742960
0.216480
2.110328
-0.376751
2.091511
0.108941
-0.750041
2.573651
-1.620584
0.277899
0.914753
-1.189372
0.244108
-0.286384
0.720871
-1.515605
-0.520571
-0.601663
2.291114
1.963759
2.063569
1.534337
-1.614659
-0.433186
-0.558075
2.625789
0.038543
0.093482
-0.530259
1.365879
-2.792841
1.147895
0.702666
2.165018
-1.731743
0.708748
0.474421
0.913686
-0.323716
0.268679
0.033110
-0.675308
1.576993
2.658910
-1.488320
2.001241
2.400755
2.155807
2.025019
2.445374
0.861693
0.340285
1.934318
-2.254254
-0.613693
-0.501885
0.170837
0.722625
2.362120
-3.262579
1.035051
1.384170
-0.607856
-0.030096
0.009228
1.176224
-0.838554
1.606934
-1.519412
0.897773
-1.051748
-0.306021
2.603944
1.678453
0.977692
1.837957
2.397950
-2.516354
0.691377
-0.462621
-1.407934
0.212321
-2.018168
1.969583
0.681330
2.778099
-1.717222
-2.327251
1.743991
0.895247
1.708108
2.481708
-0.996392
1.219359
0.006017
0.846608
-0.545961
0.969206
1.483374
-0.758574
0.097829
-0.625922
2.086166
-0.481729
2.247087
-0.203043
1.552443
-1.488688
-1.185426
-1.110460
-0.103674
1.015505
0.519571
1.087907
0.184360
-1.444986
0.291727
-0.309628
1.665771
0.741794
-0.371802
1.424050
-0.952524
1.091565
-1.524897
1.948242
-3.417711
-1.928118
-0.547050
0.265948
-0.439189
0.846966
-3.003352
-0.523088
-0.083817
0.080778
2.448507
-1.313793
0.777153
-2.535539
-3.138041
-1.097837
-0.807946
1.858360
-0.122422
0.700302
1.371718
-0.654642
0.883698
-3.561884
-1.062760
-0.196668
-0.343699
-0.846942
1.917645
1.890325
0.720044
2.396486
-1.390529
-1.332337
0.341106
-1.968538
0.972563
2.737453
-0.805544
-0.027840
0.660059
1.070818
-0.117728
-0.628953
-0.231285
-1.060780
2.288014
0.176537
0.309497
0.038674
0.691417
0.617355
1.029368
2.650149
0.572209
1.237805
1.894124
1.282083
-1.264008
3.238041
-1.380290
0.199435
-0.229827
0.112458
-1.650665
0.708429
-1.471602
1.333683
-1.882642
-0.464175
2.019616
1.937739
2.057931
-0.850493
2.895610
0.753915
2.217395
-2.732570
1.675236
-0.080114
-0.139442
2.511568
-0.306753
3.531225
-1.611617
-1.359449
-1.693738
2.599334
-0.104312
3.016863
-1.261374
2.935227
-1.005249
-0.255615
2.494781
0.191869
1.934803
-1.478550
0.196092
0.485641
-0.508881
-0.715710
-0.062673
2.204569
1.627348
-0.107989
0.369640
0.710560
-1.151906
0.891474
-0.923791
0.915381
0.095458
2.606543
-0.960559
0.649769
2.270424
-0.099021
1.666663
-1.486740
2.186472
-2.054580
-1.465897
1.112107
-0.193096
1.216931
1.305189
1.173980
-3.350858
-1.131126
-0.460665
-1.209313
1.787645
1.716167
-0.370184
0.048880
0.090572
-0.830610
-1.178562
-1.155922
0.612282
1.979599
2.142998
-0.895706
3.085268
-0.358325
0.993394
-0.584436
1.669377
0.982872
0.732623
0.041835
-1.475753
1.606204
-0.357610
0.618925
-2.927168
-0.216884
1.830463
-0.179320
0.978551
2.422907
2.745498
1.522485
0.158139
1.139712
1.523655
-2.705896
0.606105
0.499323
2.552426
1.523987
2.466869
1.219859
0.997282
-0.520327
3.132719
-0.532848
2.235306
1.222606
0.482962
1.880643
3.115857
-0.894461
1.830980
-1.351089
0.172479
-0.181748
0.369698
-1.209494
2.935983
-1.920336
-1.706475
0.571565
0.743326
1.030195
-1.230756
3.041928
-2.461315
-1.967433
-0.877354
0.237734
1.209185
3.140421
0.644804
3.156107
-2.348247
0.270284
-0.451170
0.407925
0.147811
-0.169163
-0.303814
1.657542
-0.679553
-0.307373
1.452104
2.540009
-0.267469
0.419330
-0.932779
1.208579
-0.732358
2.130600
-1.027206
-0.316367
0.427082
1.294590
-1.991152
1.385500
1.230801
1.660600
1.925690
3.030533
-0.321769
1.611013
-1.125101
0.225150
-0.320619
0.135067
1.818582
-0.391531
2.704360
-0.442824