0.0000000000
0.0099998333
0.0199986667
0.0299955002
0.0399893342
0.0499791693
0.0599640065
0.0699428473
0.0799146940
0.0898785492
0.0998334166
0.1097783008
0.1197122073
0.1296341426
0.1395431146
0.1494381325
0.1593182066
0.1691823491
0.1790295734
0.1888588950
0.1986693308
0.2084598998
0.2182296231
0.2279775235
0.2377026264
0.2474039593
0.2570805519
0.2667314367
0.2763556486
0.2859522251
0.2955202067
0.3050586364
0.3145665606
0.3240430284
0.3334870921
0.3428978075
0.3522742333
0.3616154320
0.3709204694
0.3801884151
0.3894183423
0.3986093280
0.4077604531
0.4168708024
0.4259394651
0.4349655341
0.4439481070
0.4528862854
0.4617791755
0.4706258882
0.4794255386
0.4881772469
0.4968801378
0.5055333412
0.5141359917
0.5226872289
0.5311861979
0.5396320487
0.5480239368
0.5563610229
0.5646424734
0.5728674601
0.5810351605
0.5891447579
0.5971954414
0.6051864057
0.6131168520
0.6209859870
0.6287930240
0.6365371822
0.6442176872
0.6518337710
0.6593846720
0.6668696350
0.6742879116
0.6816387600
0.6889214451
0.6961352386
0.7032794192
0.7103532724
0.7173560909
0.7242871744
0.7311458297
0.7379313711
0.7446431200
0.7512804051
0.7578425629
0.7643289370
0.7707388789
0.7770717475
0.7833269096
0.7895037397
0.7956016200
0.8016199409
0.8075581004
0.8134155048
0.8191915683
0.8248857133
0.8304973705
0.8360259786
0.8414709848
0.8468318446
0.8521080219
0.8572989892
0.8624042272
0.8674232256
0.8723554823
0.8772005043
0.8819578069
0.8866269144
0.8912073601
0.8956986857
0.9001004422
0.9044121894
0.9086334961
0.9127639403
0.9168031088
0.9207505977
0.9246060124
0.9283689672
0.9320390860
0.9356160016
0.9390993563
0.9424888019
0.9457839994
0.9489846194
0.9520903416
0.9551008556
0.9580158603
0.9608350642
0.9635581854
0.9661849516
0.9687151001
0.9711483779
0.9734845417
0.9757233578
0.9778646024
0.9799080614
0.9818535304
0.9837008148
0.9854497300
0.9871001010
0.9886517629
0.9901045603
0.9914583482
0.9927129910
0.9938683634
0.9949243498
0.9958808445
0.9967377520
0.9974949866
0.9981524725
0.9987101440
0.9991679453
0.9995258306
0.9997837642
0.9999417202
0.9999996829
0.9999576465
0.9998156151
0.9995736030
0.9992316344
0.9987897435
0.9982479744
0.9976063813
0.9968650285
0.9960239899
0.9950833498
0.9940432022
0.9929036511
0.9916648105
0.9903268042
0.9888897660
0.9873538397
0.9857191788
0.9839859469
0.9821543171
0.9802244728
0.9781966068
0.9760709220
0.9738476309
0.9715269558
0.9691091289
0.9665943918
0.9639829962
0.9612752030
0.9584712831
0.9555715169
0.9525761943
0.9494856149
0.9463000877
0.9430199313
0.9396454737
0.9361770523
0.9326150140
0.9289597150
0.9252115208
0.9213708062
0.9174379553
0.9134133613
0.9092974268
0.9050905633
0.9007931915
0.8964057412
0.8919286510
0.8873623686
0.8827073508
0.8779640630
0.8731329795
0.8682145834
0.8632093666
0.8581178296
0.8529404816
0.8476778401
0.8423304316
0.8368987908
0.8313834608
0.8257849931
0.8201039476
0.8143408924
0.8084964038
0.8025710662
0.7965654722
0.7904802223
0.7843159251
0.7780731969
0.7717526620
0.7653549525
0.7588807082
0.7523305764
0.7457052122
0.7390052781
0.7322314440
0.7253843875
0.7184647931
0.7114733528
0.7044107658
0.6972777383
0.6900749836
0.6828032219
0.6754631806
0.6680555934
0.6605812013
0.6530407516
0.6454349983
0.6377647021
0.6300306300
0.6222335553
0.6143742578
0.6064535234
0.5984721441
0.5904309181
0.5823306495
0.5741721484
0.5659562304
0.5576837174
0.5493554364
0.5409722204
0.5325349076
0.5240443417
0.5155013718
0.5069068522
0.4982616424
0.4895666068
0.4808226150
0.4720305413
0.4631912649
0.4543056698
0.4453746445
0.4363990822
0.4273798802
0.4183179407
0.4092141697
0.4000694776
0.3908847789
0.3816609921
0.3723990394
0.3630998472
0.3537643453
0.3443934673
0.3349881502
0.3255493345
0.3160779642
0.3065749864
0.2970413513
0.2874780123
0.2778859258
0.2682660509
0.2586193497
0.2489467867
0.2392493292
0.2295279470
0.2197836122
0.2100172993
0.2002299847
0.1904226474
0.1805962679
0.1707518290
0.1608903150
0.1510127121
0.1411200081
0.1312131922
0.1212932550
0.1113611887
0.1014179863
0.0914646422
0.0815021518
0.0715315111
0.0615537174
0.0515697684
0.0415806624
0.0315873984
0.0215909757
0.0115923939
0.0015926529
-0.0084072474
-0.0184063069
-0.0284035259
-0.0383979045
-0.0483884434
-0.0583741434
-0.0683540061
-0.0783270335
-0.0882922282
-0.0982485937
-0.1081951345
-0.1181308559
-0.1280547643
-0.1379658673
-0.1478631738
-0.1577456941
-0.1676124400
-0.1774624248
-0.1872946635
-0.1971081729
-0.2069019717
-0.2166750804
-0.2264265218
-0.2361553207
-0.2458605043
-0.2555411020
-0.2651961459
-0.2748246703
-0.2844257125
-0.2939983124
-0.3035415127
-0.3130543591
-0.3225359003
-0.3319851882
-0.3414012779
-0.3507832277
-0.3601300995
-0.3694409585
-0.3787148738
-0.3879509179
-0.3971481673
-0.4063057021
-0.4154226068
-0.4244979695
-0.4335308828
-0.4425204433
-0.4514657522
-0.4603659148
-0.4692200413
-0.4780272461
-0.4867866487
-0.4954973729
-0.5041585479
-0.5127693074
-0.5213287904
-0.5298361409
-0.5382905083
-0.5466910471
-0.5550369172
-0.5633272841
-0.5715613187
-0.5797381977
-0.5878571034
-0.5959172238
-0.6039177530
-0.6118578909
-0.6197368436
-0.6275538231
-0.6353080477
-0.6429987421
-0.6506251371
-0.6581864701
-0.6656819850
-0.6731109323
-0.6804725691
-0.6877661592
-0.6949909732
-0.7021462887
-0.7092313902
-0.7162455691
-0.7231881241
-0.7300583608
-0.7368555924
-0.7435791389
-0.7502283282
-0.7568024953
-0.7633009828
-0.7697231408
-0.7760683271
-0.7823359072
-0.7885252544
-0.7946357498
-0.8006667822
-0.8066177486
-0.8124880539
-0.8182771111
-0.8239843412
-0.8296091736
-0.8351510458
-0.8406094036
-0.8459837011
-0.8512734009
-0.8564779742
-0.8615969003
-0.8666296675
-0.8715757724
-0.8764347205
-0.8812060258
-0.8858892113
-0.8904838086
-0.8949893582
-0.8994054097
-0.9037315214
-0.9079672606
-0.9121122039
-0.9161659367
-0.9201280538
-0.9239981587
-0.9277758646
-0.9314607938
-0.9350525776
-0.9385508569
-0.9419552819
-0.9452655122
-0.9484812167
-0.9516020739
-0.9546277717
-0.9575580074
-0.9603924882
-0.9631309306
-0.9657730606
-0.9683186142
-0.9707673367
-0.9731189832
-0.9753733187
-0.9775301177
-0.9795891644
-0.9815502531
-0.9834131875
-0.9851777815
-0.9868438585
-0.9884112519
-0.9898798051
-0.9912493711
-0.9925198129
-0.9936910036
-0.9947628261
-0.9957351731
-0.9966079474
-0.9973810617
-0.9980544388
-0.9986280112
-0.9991017217
-0.9994755228
-0.9997493772
-0.9999232576
-0.9999971464
-0.9999710363
-0.9998449300
-0.9996188400
-0.9992927890
-0.9988668095
-0.9983409442
-0.9977152456
-0.9969897763
-0.9961646088
-0.9952398258
-0.9942155195
-0.9930917926
-0.9918687573
-0.9905465360
-0.9891252608
-0.9876050739
-0.9859861274
-0.9842685830
-0.9824526126
-0.9805383978
-0.9785261299
-0.9764160103
-0.9742082499
-0.9719030694
-0.9695006995
-0.9670013802
-0.9644053617
-0.9617129034
-0.9589242747
-0.9560397543
-0.9530596307
-0.9499842020
-0.9468137756
-0.9435486686
-0.9401892076
-0.9367357284
-0.9331885765
-0.9295481064
-0.9258146823
-0.9219886775
-0.9180704747
-0.9140604655
-0.9099590511
-0.9057666415
-0.9014836560
-0.8971105228
-0.8926476794
-0.8880955720
-0.8834546557
-0.8787253947
-0.8739082619
-0.8690037390
-0.8640123165
-0.8589344934
-0.8537707776
-0.8485216855
-0.8431877419
-0.8377694802
-0.8322674422
-0.8266821782
-0.8210142467
-0.8152642144
-0.8094326564
-0.8035201559
-0.7975273039
-0.7914546999
-0.7853029511
-0.7790726726
-0.7727644876
-0.7663790267
-0.7599169285
-0.7533788393
-0.7467654129
-0.7400773105
-0.7333152010
-0.7264797606
-0.7195716728
-0.7125916285
-0.7055403256
-0.6984184692
-0.6912267716
-0.6839659519
-0.6766367361
-0.6692398573
-0.6617760550
-0.6542460757
-0.6466506723
-0.6389906043
-0.6312666379
-0.6234795453
-0.6156301053
-0.6077191027
-0.5997473288
-0.5917155806
-0.5836246614
-0.5754753802
-0.5672685519
-0.5590049973
-0.5506855426
-0.5423110198
-0.5338822664
-0.5254001252
-0.5168654444
-0.5082790775
-0.4996418831
-0.4909547250
-0.4822184717
-0.4734339971
-0.4646021794
-0.4557239019
-0.4468000524
-0.4378315233
-0.4288192113
-0.4197640178
-0.4106668483
-0.4015286124
-0.3923502240
-0.3831326009
-0.3738766648
-0.3645833414
-0.3552535600
-0.3458882535
-0.3364883585
-0.3270548149
-0.3175885661
-0.3080905587
-0.2985617425
-0.2890030704
-0.2794154982
-0.2697999847
-0.2601574914
-0.2504889826
-0.2407954251
-0.2310777883
-0.2213370439
-0.2115741659
-0.2017901308
-0.1919859167
-0.1821625043
-0.1723208757
-0.1624620152
-0.1525869086
-0.1426965435
-0.1327919089
-0.1228739951
-0.1129437941
-0.1030022987
-0.0930505033
-0.0830894028
-0.0731199935
-0.0631432722
-0.0531602367
-0.0431718852
-0.0331792165
-0.0231832300
-0.0131849251
-0.0031853018
0.0068146401
0.0168139005
0.0268114795
0.0368063774
0.0467975947
0.0567841323
0.0667649915
0.0767391743
0.0867056832
0.0966635216
0.1066116938
0.1165492049
0.1264750611
0.1363882699
0.1462878401
0.1561727815
0.1660421059
0.1758948261
0.1857299570
0.1955465151
0.2053435187
0.2151199881
0.2248749457
0.2346074159
0.2443164257
0.2540010040
0.2636601824
0.2732929950
0.2828984785
0.2924756724
0.3020236190
0.3115413635
0.3210279541
0.3304824422
0.3399038823
0.3492913323
0.3586438535
0.3679605106
0.3772403719
0.3864825095
0.3956859992
0.4048499206
0.4139733574
0.4230553971
0.4320951317
0.4410916572
0.4500440738
0.4589514864
0.4678130042
0.4766277411
0.4853948157
0.4941133511
0.5027824757
0.5114013224
0.5199690294
0.5284847399
0.5369476024
0.5453567706
0.5537114036
0.5620106659
0.5702537276
0.5784397644
0.5865679577
0.5946374947
0.6026475684
0.6105973779
0.6184861282
0.6263130303
0.6340773017
0.6417781659
0.6494148528
0.6569865987
0.6644926466
0.6719322457
0.6793046521
0.6866091287
0.6938449449
0.7010113772
0.7081077090
0.7151332306
0.7220872394
0.7289690401
0.7357779446
0.7425132718
0.7491743483
0.7557605081
0.7622710924
0.7687054502
0.7750629381
0.7813429204
0.7875447690
0.7936678638
0.7997115925
0.8056753507
0.8115585421
0.8173605782
0.8230808790
0.8287188724
0.8342739946
0.8397456900
0.8451334117
0.8504366206
0.8556547866
0.8607873879
0.8658339111
0.8707938517
0.8756667136
0.8804520096
0.8851492610
0.8897579984
0.8942777606
0.8987080958
0.9030485610
0.9072987220
0.9114581540
0.9155264408
0.9195031758
0.9233879613
0.9271804087
0.9308801388
0.9344867818
0.9379999768
0.9414193726
0.9447446272
0.9479754082
0.9511113924
0.9541522663
0.9570977257
0.9599474762
0.9627012327
0.9653587199
0.9679196720
0.9703838330
0.9727509564
0.9750208055
0.9771931533
0.9792677827
0.9812444861
0.9831230658
0.9849033341
0.9865851128
0.9881682339
0.9896525389
0.9910378796
0.9923241172
0.9935111233
0.9945987791
0.9955869759
0.9964756147
0.9972646069
0.9979538734
0.9985433454
0.9990329638
0.9994226798
0.9997124544
0.9999022585
0.9999920733
0.9999818897
0.9998717087
0.9996615414
0.9993514088
0.9989413418
0.9984313816
0.9978215791
0.9971119952
0.9963027009
0.9953937773
0.9943853150
0.9932774151
0.9920701882
0.9907637552
0.9893582466
0.9878538030
0.9862505749
0.9845487225
0.9827484161
0.9808498356
0.9788531710
0.9767586219
0.9745663977
0.9722767177
0.9698898108
0.9674059158
0.9648252810
0.9621481645
0.9593748339
0.9565055667
0.9535406497
0.9504803794
0.9473250619
0.9440750126
0.9407305567
0.9372920285
0.9337597718
0.9301341400
0.9264154955
0.9226042102
0.9187006653
0.9147052511
0.9106183671
0.9064404221
0.9021718338
0.8978130290
0.8933644437
0.8888265226
0.8841997197
0.8794844975
0.8746813276
0.8697906904
0.8648130747
0.8597489785
0.8545989081
0.8493633785
0.8440429133
0.8386380445
0.8331493126
0.8275772664
0.8219224633
0.8161854685
0.8103668559
0.8044672073
0.7984871126
0.7924271699
0.7862879851
0.7800701722
0.7737743529
0.7674011569
0.7609512213
0.7544251913
0.7478237194
0.7411474657
0.7343970979
0.7275732910
0.7206767273
0.7137080966
0.7066680957
0.6995574286
0.6923768063
0.6851269469
0.6778085754
0.6704224236
0.6629692301
0.6554497402
0.6478647059
0.6402148857
0.6325010445
0.6247239538
0.6168843911
0.6089831406
0.6010209922
0.5929987422
0.5849171929
0.5767771523
0.5685794345
0.5603248592
0.5520142519
0.5436484437
0.5352282710
0.5267545760
0.5182282059
0.5096500135
0.5010208565
0.4923415978
0.4836131053
0.4748362520
0.4660119154
0.4571409780
0.4482243269
0.4392628538
0.4302574547
0.4212090303
0.4121184852
0.4029867287
0.3938146739
0.3846032379
0.3753533419
0.3660659109
0.3567418736
0.3473821624
0.3379877132
0.3285594656
0.3190983623
0.3096053495
0.3000813764
0.2905273953
0.2809443618
0.2713332341
0.2616949733
0.2520305432
0.2423409103
0.2326270434
0.2228899141
0.2131304960
0.2033497649
0.1935486991
0.1837282786
0.1738894854
0.1640333034
0.1541607182
0.1442727170
0.1343702887
0.1244544235
0.1145261130
0.1045863499
0.0946361283
0.0846764431
0.0747082904
0.0647326669
0.0547505702
0.0447629985
0.0347709505
0.0247754255
0.0147774229
0.0047779426
-0.0052220155
-0.0152214514
-0.0252193651
-0.0352147570
-0.0452066274
-0.0551939772
-0.0651758076
-0.0751511205
-0.0851189183
-0.0950782043
-0.1050279826
-0.1149672582
-0.1248950371
-0.1348103267
-0.1447121353
-0.1545994728
-0.1644713505
-0.1743267812
-0.1841647794
-0.1939843613
-0.2037845448
-0.2135643501
-0.2233227992
-0.2330589161
-0.2427717274
-0.2524602616
-0.2621235501
-0.2717606264
-0.2813705269
-0.2909522906
-0.3005049592
-0.3100275777
-0.3195191936
-0.3289788579
-0.3384056246
-0.3477985510
-0.3571566978
-0.3664791293
-0.3757649131
-0.3850131208
-0.3942228274
-0.4033931122
-0.4125230579
-0.4216117517
-0.4306582847
-0.4396617522
-0.4486212538
-0.4575358938
-0.4664047805
-0.4752270271
-0.4840017515
-0.4927280760
-0.5014051282
-0.5100320402
-0.5186079495
-0.5271319985
-0.5356033346
-0.5440211109
-0.5523844855
-0.5606926221
-0.5689446900
-0.5771398638
-0.5852773241
-0.5933562572
-0.6013758552
-0.6093353161
-0.6172338439
-0.6250706489
-0.6328449473
-0.6405559618
-0.6482029212
-0.6557850609
-0.6633016226
-0.6707518546
-0.6781350121
-0.6854503566
-0.6926971567
-0.6998746876
-0.7069822316
-0.7140190780
-0.7209845231
-0.7278778703
-0.7346984304
-0.7414455212
-0.7481184681
-0.7547166038
-0.7612392684
-0.7676858098
-0.7740555832
-0.7803479517
-0.7865622860
-0.7926979648
-0.7987543744
-0.8047309093
-0.8106269717
-0.8164419721
-0.8221753290
-0.8278264691
-0.8333948272
-0.8388798465
-0.8442809785
-0.8495976832
-0.8548294287
-0.8599756921
-0.8650359585
-0.8700097222
-0.8748964855
-0.8796957600
-0.8844070656
-0.8890299312
-0.8935638946
-0.8980085023
-0.9023633100
-0.9066278820
-0.9108017920
-0.9148846226
-0.9188759655
-0.9227754216
-0.9265826009
-0.9302971227
-0.9339186156
-0.9374467174
-0.9408810753
-0.9442213459
-0.9474671951
-0.9506182984
-0.9536743406
-0.9566350163
-0.9595000292
-0.9622690929
-0.9649419305
-0.9675182747
-0.9699978679
-0.9723804621
-0.9746658191
-0.9768537103
-0.9789439170
-0.9809362301
-0.9828304503
-0.9846263884
-0.9863238646
-0.9879227093
-0.9894227625
-0.9908238743
-0.9921259045
-0.9933287229
-0.9944322093
-0.9954362533
-0.9963407545
-0.9971456225
-0.9978507767
-0.9984561467
-0.9989616719
-0.9993673018
-0.9996729957
-0.9998787232
-0.9999844637
-0.9999902066
-0.9998959512
-0.9997017071
-0.9994074937
-0.9990133403
-0.9985192865
-0.9979253815
-0.9972316849
-0.9964382659
-0.9955452039
-0.9945525882
-0.9934605181
-0.9922691028
-0.9909784613
-0.9895887229
-0.9881000264
-0.9865125207
-0.9848263647
-0.9830417267
-0.9811587855
-0.9791777292
-0.9770987559
-0.9749220735
-0.9726478998
-0.9702764621
-0.9678079975
-0.9652427530
-0.9625809849
-0.9598229596
-0.9569689528
-0.9540192499
-0.9509741459
-0.9478339452
-0.9445989619
-0.9412695196
-0.9378459510
-0.9343285987
-0.9307178142
-0.9270139588
-0.9232174027
-0.9193285257
-0.9153477165
-0.9112753734
-0.9071119035
-0.9028577231
-0.8985132578
-0.8940789418
-0.8895552187
-0.8849425409
-0.8802413695
-0.8754521747
-0.8705754354
-0.8656116393
-0.8605612828
-0.8554248708
-0.8502029171
-0.8448959438
-0.8395044816
-0.8340290696
-0.8284702555
-0.8228285950
-0.8171046523
-0.8112989998
-0.8054122182
-0.7994448959
-0.7933976299
-0.7872710247
-0.7810656931
-0.7747822556
-0.7684213405
-0.7619835839
-0.7554696296
-0.7488801290
-0.7422157409
-0.7354771319
-0.7286649758
-0.7217799538
-0.7148227545
-0.7077940734
-0.7006946135
-0.6935250848
-0.6862862041
-0.6789786954
-0.6716032893
-0.6641607235
-0.6566517422
-0.6490770962
-0.6414375431
-0.6337338468
-0.6259667776
-0.6181371122
-0.6102456337
-0.6022931311
-0.5942803997
-0.5862082407
-0.5780774614
-0.5698888749
-0.5616432999
-0.5533415611
-0.5449844885
-0.5365729180
-0.5281076906
-0.5195896529
-0.5110196567
-0.5023985589
-0.4937272217
-0.4850065122
-0.4762373024
-0.4674204694
-0.4585568946
-0.4496474645
-0.4406930701
-0.4316946067
-0.4226529743
-0.4135690768
-0.4044438228
-0.3952781248
-0.3860728993
-0.3768290668
-0.3675475518
-0.3582292822
-0.3488751901
-0.3394862107
-0.3300632830
-0.3206073492
-0.3111193550
-0.3016002491
-0.2920509834
-0.2824725128
-0.2728657953
-0.2632317914
-0.2535714645
-0.2438857807
-0.2341757085
-0.2244422190
-0.2146862854
-0.2049088833
-0.1951109906
-0.1852935869
-0.1754576540
-0.1656041754
-0.1557341367
-0.1458485246
-0.1359483278
-0.1260345362
-0.1161081413
-0.1061701357
-0.0962215132
-0.0862632686
-0.0762963978
-0.0663218974
-0.0563407648
-0.0463539982
-0.0363625963
-0.0263675581
-0.0163698832
-0.0063705713
0.0036293777
0.0136289637
0.0236271868
0.0336230472
0.0436155454
0.0536036820
0.0635864583
0.0735628760
0.0835319375
0.0934926459
0.1034440050
0.1133850199
0.1233146963
0.1332320414
0.1431360634
0.1530257719
0.1629001780
0.1727582941
0.1825991346
0.1924217154
0.2022250541
0.2120081705
0.2217700862
0.2315098251
0.2412264132
0.2509188789
0.2605862529
0.2702275685
0.2798418616
0.2894281707
0.2989855372
0.3085130055
0.3180096226
0.3274744391
0.3369065085
0.3463048874
0.3556686362
0.3649968183
0.3742885011
0.3835427554
0.3927586557
0.4019352805
0.4110717121
0.4201670368
0.4292203452
0.4382307319
0.4471972960
0.4561191406
0.4649953737
0.4738251077
0.4826074596
0.4913415511
0.5000265088
0.5086614644
0.5172455542
0.5257779199
0.5342577082
0.5426840712
0.5510561663
0.5593731561
0.5676342092
0.5758384993
0.5839852060
0.5920735147
0.6001026165
0.6080717086
0.6159799940
0.6238266819
0.6316109877
0.6393321329
0.6469893454
0.6545818596
0.6621089161
0.6695697622
0.6769636519
0.6842898458
0.6915476114
0.6987362227
0.7058549610
0.7129031144
0.7198799780
0.7267848543
0.7336170527
0.7403758900
0.7470606903
0.7536707851
0.7602055136
0.7666642221
0.7730462648
0.7793510035
0.7855778078
0.7917260550
0.7977951302
0.8037844266
0.8096933451
0.8155212951
0.8212676936
0.8269319660
0.8325135459
0.8380118751
0.8434264038
0.8487565906
0.8540019025
0.8591618149
0.8642358118
0.8692233858
0.8741240382
0.8789372790
0.8836626268
0.8882996090
0.8928477620
0.8973066310
0.9016757701
0.9059547423
0.9101431198
0.9142404838
0.9182464245
0.9221605413
0.9259824428
0.9297117469
0.9333480805
0.9368910801
0.9403403914
0.9436956694
0.9469565787
0.9501227931
0.9531939960
0.9561698803
0.9590501484
0.9618345123
0.9645226935
0.9671144233
0.9696094424
0.9720075014
0.9743083605
0.9765117895
0.9786175682
0.9806254859
0.9825353419
0.9843469452
0.9860601146
0.9876746788
0.9891904763
0.9906073557
0.9919251751
0.9931438029
0.9942631171
0.9952830058
0.9962033670
0.9970241088
0.9977451489
0.9983664154
0.9988878460
0.9993093887
0.9996310013
0.9998526517
0.9999743176
0.9999959869
0.9999176574
0.9997393370
0.9994610435
0.9990828048
0.9986046586
0.9980266527
0.9973488450
0.9965713033
0.9956941053
0.9947173387
0.9936411011
0.9924655003
0.9911906538
0.9898166890
0.9883437434
0.9867719643
0.9851015087
0.9833325439
0.9814652466
0.9794998036
0.9774364114
0.9752752764
0.9730166147
0.9706606521
0.9682076243
0.9656577765
0.9630113638
0.9602686507
0.9574299116
0.9544954302
0.9514655002
0.9483404243
0.9451205152
0.9418060949
0.9383974947
0.9348950555
0.9312991276
0.9276100706
0.9238282534
0.9199540541
0.9159878601
0.9119300682
0.9077810840
0.9035413224
0.8992112075
0.8947911721
0.8902816585
0.8856831173
0.8809960087
0.8762208011
0.8713579722
0.8664080082
0.8613714042
0.8562486637
0.8510402991
0.8457468311
0.8403687892
0.8349067111
0.8293611430
0.8237326395
0.8180217635
0.8122290859
0.8063551861
0.8004006514
0.7943660774
0.7882520674
0.7820592328
0.7757881930
0.7694395750
0.7630140137
0.7565121516
0.7499346390
0.7432821335
0.7365553004
0.7297548124
0.7228813495
0.7159355991
0.7089182557
0.7018300211
0.6946716041
0.6874437205
0.6801470931
0.6727824515
0.6653505323
0.6578520786
0.6502878402
0.6426585735
0.6349650416
0.6272080136
0.6193882654
0.6115065789
0.6035637422
0.5955605497
0.5874978016
0.5793763042
0.5711968697
0.5629603159
0.5546674666
0.5463191510
0.5379162039
0.5294594657
0.5209497820
0.5123880037
0.5037749871
0.4951115933
0.4863986889
0.4776371449
0.4688278377
0.4599716480
0.4510694616
0.4421221686
0.4331306637
0.4240958462
0.4150186194
0.4058998911
0.3967405731
0.3875415815
0.3783038359
0.3690282604
0.3597157823
0.3503673329
0.3409838470
0.3315662631
0.3221155229
0.3126325713
0.3031183567
0.2935738306
0.2839999473
0.2743976643
0.2647679417
0.2551117426
0.2454300325
0.2357237796
0.2259939545
0.2162415302
0.2064674819
0.1966727871
0.1868584251
0.1770253775
0.1671746275
0.1573071601
0.1474239622
0.1375260220
0.1276143292
0.1176898752
0.1077536523
0.0978066541
0.0878498753
0.0778843116
0.0679109596
0.0579308165
0.0479448803
0.0379541498
0.0279596238
0.0179623019
0.0079631838
-0.0020367306
-0.0120364414
-0.0220349485
-0.0320312522
-0.0420243527
-0.0520132509
-0.0619969477
-0.0719744450
-0.0819447448
-0.0919068502
-0.1018597651
-0.1118024940
-0.1217340428
-0.1316534182
-0.1415596285
-0.1514516829
-0.1613285922
-0.1711893689
-0.1810330267
-0.1908585814
-0.2006650504
-0.2104514530
-0.2202168107
-0.2299601469
-0.2396804872
-0.2493768597
-0.2590482948
-0.2686938252
-0.2783124864
-0.2879033167
-0.2974653568
-0.3069976507
-0.3164992450
-0.3259691897
-0.3354065378
-0.3448103454
-0.3541796723
-0.3635135816
-0.3728111398
-0.3820714172
-0.3912934878
-0.4004764293
-0.4096193235
-0.4187212562
-0.4277813170
-0.4367986001
-0.4457722037
-0.4547012305
-0.4635847875
-0.4724219864
-0.4812119435
-0.4899537798
-0.4986466212
-0.5072895983
-0.5158818468
-0.5244225076
-0.5329107266
-0.5413456550
-0.5497264492
-0.5580522713
-0.5663222886
-0.5745356741
-0.5826916066
-0.5907892704
-0.5988278557
-0.6068065588
-0.6147245817
-0.6225811326
-0.6303754260
-0.6381066823
-0.6457741286
-0.6533769979
-0.6609145301
-0.6683859714
-0.6757905746
-0.6831275994
-0.6903963119
-0.6975959854
-0.7047258999
-0.7117853424
-0.7187736069
-0.7256899947
-0.7325338141
-0.7393043807
-0.7460010175
-0.7526230548
-0.7591698304
-0.7656406897
-0.7720349855
-0.7783520785
-0.7845913370
-0.7907521369
-0.7968338623
-0.8028359050
-0.8087576648
-0.8145985494
-0.8203579749
-0.8260353653
-0.8316301528
-0.8371417780
-0.8425696897
-0.8479133452
-0.8531722100
-0.8583457583
-0.8634334728
-0.8684348446
-0.8733493737
-0.8781765686
-0.8829159465
-0.8875670336
-0.8921293647
-0.8966024836
-0.9009859430
-0.9052793046
-0.9094821390
-0.9135940260
-0.9176145543
-0.9215433219
-0.9253799359
-0.9291240127
-0.9327751779
-0.9363330664
-0.9397973223
-0.9431675993
-0.9464435603
-0.9496248777
-0.9527112335
-0.9557023189
-0.9585978349
-0.9613974919
-0.9641010099
-0.9667081187
-0.9692185574
-0.9716320751
-0.9739484304
-0.9761673917
-0.9782887370
-0.9803122543
-0.9822377412
-0.9840650051
-0.9857938633
-0.9874241430
-0.9889556811
-0.9903883244
-0.9917219297
-0.9929563637
-0.9940915029
-0.9951272337
-0.9960634526
-0.9969000660
-0.9976369903
-0.9982741517
-0.9988114865
-0.9992489409
-0.9995864714
-0.9998240440
-0.9999616350
-0.9999992307
-0.9999368273
-0.9997744311
-0.9995120582
-0.9991497350
-0.9986874976
-0.9981253924
-0.9974634754
-0.9967018129
-0.9958404810
-0.9948795660
-0.9938191638
-0.9926593805
-0.9914003321
-0.9900421445
-0.9885849535
-0.9870289048
-0.9853741541
-0.9836208667
-0.9817692182
-0.9798193935
-0.9777715876
-0.9756260055
-0.9733828615
-0.9710423801
-0.9686047952
-0.9660703507
-0.9634392999
-0.9607119061
-0.9578884418
-0.9549691895
-0.9519544410
-0.9488444979
-0.9456396712
-0.9423402812
-0.9389466581
-0.9354591410
-0.9318780788
-0.9282038296
-0.9244367607
-0.9205772490
-0.9166256803
-0.9125824498
-0.9084479618
-0.9042226298
-0.8999068762
-0.8955011328
-0.8910058399
-0.8864214472
-0.8817484132
-0.8769872050
-0.8721382988
-0.8672021795
-0.8621793407
-0.8570702847
-0.8518755224
-0.8465955732
-0.8412309652
-0.8357822348
-0.8302499269
-0.8246345947
-0.8189367997
-0.8131571117
-0.8072961086
-0.8013543767
-0.7953325099
-0.7892311106
-0.7830507888
-0.7767921626
-0.7704558578
-0.7640425081
-0.7575527548
-0.7509872468
-0.7443466407
-0.7376316006
-0.7308427979
-0.7239809116
-0.7170466277
-0.7100406398
-0.7029636485
-0.6958163613
-0.6885994931
-0.6813137656
-0.6739599072
-0.6665386534
-0.6590507462
-0.6514969346
-0.6438779738
-0.6361946257
-0.6284476587
-0.6206378475
-0.6127659730
-0.6048328224
-0.5968391890
-0.5887858723
-0.5806736774
-0.5725034156
-0.5642759040
-0.5559919652
-0.5476524277
-0.5392581254
-0.5308098978
-0.5223085896
-0.5137550510
-0.5051501373
-0.4964947091
-0.4877896317
-0.4790357758
-0.4702340168
-0.4613852347
-0.4524903145
-0.4435501456
-0.4345656221
-0.4255376424
-0.4164671092
-0.4073549297
-0.3982020151
-0.3890092806
-0.3797776455
-0.3705080329
-0.3612013698
-0.3518585869
-0.3424806185
-0.3330684022
-0.3236228794
-0.3141449946
-0.3046356956
-0.2950959332
-0.2855266615
-0.2759288373
-0.2663034205
-0.2566513736
-0.2469736617
-0.2372712527
-0.2275451168
-0.2177962265
-0.2080255568
-0.1982340848
-0.1884227894
-0.1785926520
-0.1687446554
-0.1588797845
-0.1489990258
-0.1391033673
-0.1291937986
-0.1192713106
-0.1093368955
-0.0993915469
-0.0894362592
-0.0794720279
-0.0694998495
-0.0595207212
-0.0495356409
-0.0395456070
-0.0295516186
-0.0195546751
-0.0095557761
0.0004440784
0.0104438886
0.0204426544
0.0304393759
0.0404330535
0.0504226878
0.0604072799
0.0703858313
0.0803573442
0.0903208215
0.1002752667
0.1102196845
0.1201530804
0.1300744611
0.1399828345
0.1498772097
0.1597565973
0.1696200093
0.1794664596
0.1892949633
0.1991045376
0.2088942017
0.2186629766
0.2284098853
0.2381339532
0.2478342080
0.2575096795
0.2671594003
0.2767824053
0.2863777324
0.2959444219
0.3054815172
0.3149880646
0.3244631135
0.3339057163
0.3433149288
0.3526898101
0.3620294228
0.3713328328
0.3805991098
0.3898273272
0.3990165623
0.4081658960
0.4172744134
0.4263412038
0.4353653604
0.4443459808
0.4532821670
0.4621730253
0.4710176668
0.4798152068
0.4885647658
0.4972654686
0.5059164454
0.5145168309
0.5230657652
0.5315623933
0.5400058656
0.5483953378
0.5567299709
0.5650089315
0.5732313916
0.5813965291
0.5895035275
0.5975515759
0.6055398697
0.6134676100
0.6213340041
0.6291382653
0.6368796132
0.6445572736
0.6521704789
0.6597184677
0.6672004851
0.6746157831
0.6819636201
0.6892432612
0.6964539786
0.7035950512
0.7106657649
0.7176654126
0.7245932943
0.7314487174
0.7382309961
0.7449394524
0.7515734154
0.7581322216
0.7646152152
0.7710217480
0.7773511792
0.7836028760
0.7897762131
0.7958705733
0.8018853470
0.8078199329
0.8136737375
0.8194461754
0.8251366693
0.8307446503
0.8362695575
0.8417108384
0.8470679490
0.8523403535
0.8575275246
0.8626289437
0.8676441006
0.8725724939
0.8774136306
0.8821670267
0.8868322068
0.8914087044
0.8958960620
0.9002938306
0.9046015706
0.9088188512
0.9129452507
0.9169803565
0.9209237649
0.9247750817
0.9285339218
0.9321999093
0.9357726776
0.9392518694
0.9426371368
0.9459281412
0.9491245536
0.9522260544
0.9552323334
0.9581430899
0.9609580329
0.9636768809
0.9662993620
0.9688252140
0.9712541842
0.9735860299
0.9758205178
0.9779574244
0.9799965361
0.9819376490
0.9837805689
0.9855251116
0.9871711026
0.9887183773
0.9901667810
0.9915161688
0.9927664058
0.9939173671
0.9949689374
0.9959210117
0.9967734946
0.9975263011
0.9981793558
0.9987325934
0.9991859585
0.9995394059
0.9997929001
0.9999464160
0.9999999380
0.9999534608
0.9998069891
0.9995605376
0.9992141308
0.9987678035
0.9982216002
0.9975755756
0.9968297943
0.9959843308
0.9950392697
0.9939947055
0.9928507427
0.9916074956
0.9902650886
0.9888236559
0.9872833417
0.9856443000
0.9839066946
0.9820706994
0.9801364980
0.9781042837
0.9759742598
0.9737466393
0.9714216449
0.9689995092
0.9664804744
0.9638647923
0.9611527245
0.9583445423
0.9554405264
0.9524409672
0.9493461647
0.9461564285
0.9428720773
0.9394934397
0.9360208536
0.9324546662
0.9287952341
0.9250429232
0.9211981088
0.9172611754
0.9132325166
0.9091125353
0.9049016436
0.9006002624
0.8962088219
0.8917277613
0.8871575287
0.8824985811
0.8777513843
0.8729164131
0.8679941510
0.8629850903
0.8578897317
0.8527085849
0.8474421679
0.8420910074
0.8366556385
0.8311366048
0.8255344581
0.8198497586
0.8140830748
0.8082349834
0.8023060692
0.7962969251
0.7902081519
0.7840403585
0.7777941618
0.7714701863
0.7650690644
0.7585914363
0.7520379496
0.7454092598
0.7387060297
0.7319289296
0.7250786372
0.7181558375
0.7111612229
0.7040954927
0.6969593536
0.6897535191
0.6824787099
0.6751356533
0.6677250837
0.6602477422
0.6527043765
0.6450957408
0.6374225962
0.6296857097
0.6218858553
0.6140238128
0.6061003684
0.5981163145
0.5900724494
0.5819695776
0.5738085094
0.5655900607
0.5573150535
0.5489843153
0.5405986791
0.5321589835
0.5236660724
0.5151207952
0.5065240063
0.4978765654
0.4891793373
0.4804331917
0.4716390031
0.4627976510
0.4539100196
0.4449769975
0.4359994781
0.4269783591
0.4179145427
0.4088089351
0.3996624470
0.3904759930
0.3812504917
0.3719868656
0.3626860412
0.3533489485
0.3439765212
0.3345696965
0.3251294151
0.3156566211
0.3061522616
0.2966172872
0.2870526513
0.2774593104
0.2678382238
0.2581903536
0.2485166645
0.2388181240
0.2290957019
0.2193503704
0.2095831041
0.1997948796
0.1899866758
0.1801594735
0.1703142554
0.1604520060
0.1505737115
0.1406803598
0.1307729402
0.1208524434
0.1109198614
0.1009761876
0.0910224162
0.0810595427
0.0710885632
0.0611104750
0.0511262758
0.0411369639
0.0311435385
0.0211469987
0.0111483442
0.0011485749
-0.0088513093
-0.0188503083
-0.0288474224
-0.0388416517
-0.0488319968
-0.0588174589
-0.0687970392
-0.0787697399
-0.0887345636
-0.0986905140
-0.1086365954
-0.1185718133
-0.1284951740
-0.1384056854
-0.1483023563
-0.1581841971
-0.1680502196
-0.1778994372
-0.1877308650
-0.1975435199
-0.2073364206
-0.2171085878
-0.2268590444
-0.2365868152
-0.2462909276
-0.2559704111
-0.2656242977
-0.2752516221
-0.2848514216
-0.2944227362
-0.3039646088
-0.3134760852
-0.3229562142
-0.3324040478
-0.3418186414
-0.3511990533
-0.3605443457
-0.3698535839
-0.3791258370
-0.3883601779
-0.3975556831
-0.4067114331
-0.4158265122
-0.4249000091
-0.4339310163
-0.4429186307
-0.4518619537
-0.4607600909
-0.4696121524
-0.4784172531
-0.4871745125
-0.4958830548
-0.5045420092
-0.5131505099
-0.5217076959
-0.5302127116
-0.5386647065
-0.5470628353
-0.5554062583
-0.5636941412
-0.5719256551
-0.5800999769
-0.5882162892
-0.5962737804
-0.6042716447
-0.6122090823
-0.6200852996
-0.6278995088
-0.6356509286
-0.6433387838
-0.6509623057
-0.6585207319
-0.6660133065
-0.6734392804
-0.6807979110
-0.6880884623
-0.6953102053
-0.7024624179
-0.7095443848
-0.7165553979
-0.7234947560
-0.7303617653
-0.7371557390
-0.7438759978
-0.7505218695
-0.7570926897
-0.7635878013
-0.7700065547
-0.7763483081
-0.7826124273
-0.7887982860
-0.7949052654
-0.8009327550
-0.8068801520
-0.8127468617
-0.8185322973
-0.8242358804
-0.8298570406
-0.8353952158
-0.8408498521
-0.8462204042
-0.8515063349
-0.8567071157
-0.8618222265
-0.8668511558
-0.8717934007
-0.8766484670
-0.8814158692
-0.8860951305
-0.8906857831
-0.8951873678
-0.8995994345
-0.9039215421
-0.9081532582
-0.9122941598
-0.9163438327
-0.9203018720
-0.9241678818
-0.9279414757
-0.9316222762
-0.9352099152
-0.9387040340
-0.9421042832
-0.9454103227
-0.9486218221
-0.9517384600
-0.9547599248
-0.9576859145
-0.9605161364
-0.9632503074
-0.9658881542
-0.9684294131
-0.9708738297
-0.9732211598
-0.9754711686
-0.9776236311
-0.9796783321
-0.9816350660
-0.9834936373
-0.9852538600
-0.9869155581
-0.9884785655
-0.9899427259
-0.9913078928
-0.9925739298
-0.9937407102
-0.9948081173
-0.9957760445
-0.9966443949
-0.9974130817
-0.9980820280
-0.9986511669
-0.9991204416
-0.9994898050
-0.9997592203
-0.9999286605
-0.9999981087
-0.9999675579
-0.9998370111
-0.9996064815
-0.9992759921
-0.9988455760
-0.9983152761
-0.9976851455
-0.9969552472
-0.9961256542
-0.9951964495
-0.9941677260
-0.9930395865
-0.9918121439
-0.9904855209
-0.9890598502
-0.9875352743
-0.9859119457
-0.9841900268
-0.9823696896
-0.9804511163
-0.9784344988
-0.9763200385
-0.9741079471
-0.9717984457
-0.9693917653
-0.9668881465
-0.9642878397
-0.9615911049
-0.9587982118
-0.9559094397
-0.9529250775
-0.9498454235
-0.9466707858
-0.9434014818
-0.9400378384
-0.9365801920
-0.9330288884
-0.9293842827
-0.9256467393
-0.9218166320
-0.9178943438
-0.9138802670
-0.9097748028
-0.9055783620
-0.9012913641
-0.8969142378
-0.8924474208
-0.8878913598
-0.8832465105
-0.8785133372
-0.8736923133
-0.8687839209
-0.8637886508
-0.8587070026
-0.8535394844
-0.8482866130
-0.8429489136
-0.8375269200
-0.8320211745
-0.8264322275
-0.8207606380
-0.8150069730
-0.8091718081
-0.8032557267
-0.7972593204
-0.7911831888
-0.7850279395
-0.7787941881
-0.7724825579
-0.7660936802
-0.7596281936
-0.7530867449
-0.7464699882
-0.7397785851
-0.7330132047
-0.7261745236
-0.7192632257
-0.7122800021
-0.7052255510
-0.6981005780
-0.6909057955
-0.6836419230
-0.6763096869
-0.6689098204
-0.6614430634
-0.6539101627
-0.6463118715
-0.6386489497
-0.6309221635
-0.6231322857
-0.6152800951
-0.6073663770
-0.5993919228
-0.5913575299
-0.5832640017
-0.5751121476
-0.5669027828
-0.5586367282
-0.5503148103
-0.5419378615
-0.5335067193
-0.5250222269
-0.5164852327
-0.5078965904
-0.4992571589
-0.4905678020
-0.4818293888
-0.4730427931
-0.4642088935
-0.4553285733
-0.4464027207
-0.4374322282
-0.4284179929
-0.4193609161
-0.4102619035
-0.4011218651
-0.3919417149
-0.3827223708
-0.3734647548
-0.3641697926
-0.3548384138
-0.3454715514
-0.3360701421
-0.3266351261
-0.3171674469
-0.3076680511
-0.2981378889
-0.2885779131
-0.2789890797
-0.2693723477
-0.2597286786
-0.2500590369
-0.2403643896
-0.2306457059
-0.2209039579
-0.2111401197
-0.2013551676
-0.1915500802
-0.1817258380
-0.1718834233
-0.1620238204
-0.1521480153
-0.1422569955
-0.1323517501
-0.1224332696
-0.1125025460
-0.1025605721
-0.0926083423
-0.0826468518
-0.0726770966
-0.0627000737
-0.0527167810
-0.0427282165
-0.0327353793
-0.0227392686
-0.0127408840
-0.0027412253
0.0072587075
0.0172579145
0.0272553957
0.0372501513
0.0472411820
0.0572274886
0.0672080725
0.0771819357
0.0871480807
0.0971055110
0.1070532308
0.1169902454
0.1269155610
0.1368281852
0.1467271267
0.1566113956
0.1664800035
0.1763319636
0.1861662906
0.1959820011
0.2057781136
0.2155536484
0.2253076280
0.2350390771
0.2447470225
0.2544304934
0.2640885214
0.2737201408
0.2833243884
0.2929003038
0.3024469294
0.3119633106
0.3214484957
0.3309015362
0.3403214869
0.3497074057
0.3590583540
0.3683733968
0.3776516026
0.3868920435
0.3960937956
0.4052559385
0.4143775563
0.4234577366
0.4324955715
0.4414901572
0.4504405943
0.4593459877
0.4682054468
0.4770180858
0.4857830234
0.4944993831
0.5031662933
0.5117828872
0.5203483033
0.5288616850
0.5373221810
0.5457289452
0.5540811370
0.5623779211
0.5706184679
0.5788019533
0.5869275590
0.5949944724
0.6030018869
0.6109490017
0.6188350221
0.6266591595
0.6344206316
0.6421186621
0.6497524812
0.6573213257
0.6648244386
0.6722610695
0.6796304750
0.6869319179
0.6941646683
0.7013280027
0.7084212049
0.7154435656
0.7223943826
0.7292729607
0.7360786121
0.7428106562
0.7494684200
0.7560512375
0.7625584505
0.7689894083
0.7753434678
0.7816199936
0.7878183580
0.7939379413
0.7999781314
0.8059383244
0.8118179243
0.8176163430
0.8233330007
0.8289673259
0.8345187550
0.8399867329
0.8453707129
0.8506701565
0.8558845337
0.8610133233
0.8660560122
0.8710120962
0.8758810798
0.8806624760
0.8853558067
0.8899606025
0.8944764030
0.8989027566
0.9032392207
0.9074853616
0.9116407548
0.9157049846
0.9196776447
0.9235583378
0.9273466758
0.9310422799
0.9346447806
0.9381538176
0.9415690399
0.9448901062
0.9481166842
0.9512484514
0.9542850945
0.9572263099
0.9600718034
0.9628212906
0.9654744965
0.9680311557
0.9704910126
0.9728538212
0.9751193452
0.9772873581
0.9793576431
0.9813299931
0.9832042110
0.9849801093
0.9866575103
0.9882362465
0.9897161598
0.9910971024
0.9923789360
0.9935615326
0.9946447739
0.9956285515
0.9965127671
0.9972973322
0.9979821685
0.9985672074
0.9990523903
0.9994376689
0.9997230045
0.9999083687
0.9999937429
0.9999791185
0.9998644970
0.9996498899
0.9993353187
0.9989208148
0.9984064196
0.9977921846
0.9970781712
0.9962644509
0.9953511049
0.9943382247
0.9932259114
0.9920142764
0.9907034408
0.9892935356
0.9877847020
0.9861770907
0.9844708625
0.9826661880
0.9807632477
0.9787622320
0.9766633408
0.9744667841
0.9721727815
0.9697815625
0.9672933661
0.9647084412
0.9620270463
0.9592494494
0.9563759284
0.9534067706
0.9503422729
0.9471827418
0.9439284932
0.9405798526
0.9371371547
0.9336007439
0.9299709738
0.9262482074
0.9224328169
0.9185251839
0.9145256992
0.9104347627
0.9062527834
0.9019801796
0.8976173786
0.8931648166
0.8886229388
0.8839921995
0.8792730617
0.8744659973
0.8695714870
0.8645900203
0.8595220954
0.8543682189
0.8491289064
0.8438046816
0.8383960771
0.8329036337
0.8273279006
0.8216694354
0.8159288040
0.8101065803
0.8042033467
0.7982196934
0.7921562188
0.7860135292
0.7797922390
0.7734929701
0.7671163526
0.7606630242
0.7541336300
0.7475288231
0.7408492640
0.7340956205
0.7272685681
0.7203687895
0.7133969745
0.7063538205
0.6992400317
0.6920563194
0.6848034021
0.6774820050
0.6700928603
0.6626367069
0.6551142903
0.6475263629
0.6398736833
0.6321570170
0.6243771354
0.6165348167
0.6086308450
0.6006660107
0.5926411103
0.5845569463
0.5764143271
0.5682140669
0.5599569858
0.5516439095
0.5432756692
0.5348531019
0.5263770496
0.5178483601
0.5092678862
0.5006364859
0.4919550224
0.4832243638
0.4744453832
0.4656189584
0.4567459721
0.4478273116
0.4388638688
0.4298565399
0.4208062257
0.4117138313
0.4025802658
0.3934064426
0.3841932791
0.3749416966
0.3656526203
0.3563269790
0.3469657053
0.3375697353
0.3281400086
0.3186774681
0.3091830603
0.2996577343
0.2901024428
0.2805181414
0.2709057883
0.2612663449
0.2516007751
0.2419100454
0.2321951249
0.2224569851
0.2126965998
0.2029149449
0.1931129988
0.1832917415
0.1734521552
0.1635952239
0.1537219331
0.1438332703
0.1339302243
0.1240137854
0.1140849451
0.1041446965
0.0941940335
0.0842339512
0.0742654456
0.0642895135
0.0543071524
0.0443193607
0.0343271372
0.0243314809
0.0143333915
0.0043338687
-0.0056660874
-0.0156654769
-0.0256632999
-0.0356585565
-0.0456502474
-0.0556373732
-0.0656189354
-0.0755939357
-0.0855613767
-0.0955202616
-0.1054695946
-0.1154083807
-0.1253356261
-0.1352503380
-0.1451515250
-0.1550381970
-0.1649093652
-0.1747640427
-0.1846012439
-0.1944199851
-0.2042192845
-0.2139981622
-0.2237556402
-0.2334907428
-0.2432024966
-0.2528899303
-0.2625520752
-0.2721879651
-0.2817966365
-0.2913771284
-0.3009284829
-0.3104497447
-0.3199399619
-0.3293981853
-0.3388234692
-0.3482148710
-0.3575714516
-0.3668922754
-0.3761764102
-0.3854229277
-0.3946309033
-0.4037994161
-0.4129275492
-0.4220143900
-0.4310590297
-0.4400605638
-0.4490180923
-0.4579307193
-0.4667975536
-0.4756177086
-0.4843903021
-0.4931144571
-0.5017893010
-0.5104139664
-0.5189875909
-0.5275093170
-0.5359782926
-0.5443936708
-0.5527546102
-0.5610602745
-0.5693098332
-0.5775024615
-0.5856373400
-0.5937136552
-0.6017305996
-0.6096873714
-0.6175831750
-0.6254172208
-0.6331887253
-0.6408969116
-0.6485410087
-0.6561202522
-0.6636338842
-0.6710811534
-0.6784613151
-0.6857736311
-0.6930173704
-0.7001918086
-0.7072962281
-0.7143299186
-0.7212921767
-0.7281823062
-0.7349996180
-0.7417434306
-0.7484130694
-0.7550078675
-0.7615271654
-0.7679703113
-0.7743366607
-0.7806255772
-0.7868364317
-0.7929686033
-0.7990214787
-0.8049944525
-0.8108869276
-0.8166983147
-0.8224280327
-0.8280755085
-0.8336401774
-0.8391214831
-0.8445188773
-0.8498318203
-0.8550597808
-0.8602022360
-0.8652586718
-0.8702285824
-0.8751114709
-0.8799068489
-0.8846142370
-0.8892331645
-0.8937631693
-0.8982037986
-0.9025546082
-0.9068151631
-0.9109850373
-0.9150638137
-0.9190510845
-0.9229464510
-0.9267495236
-0.9304599220
-0.9340772752
-0.9376012214
-0.9410314083
-0.9443674929
-0.9476091415
-0.9507560299
-0.9538078436
-0.9567642772
-0.9596250353
-0.9623898316
-0.9650583897
-0.9676304428
-0.9701057337
-0.9724840148
-0.9747650483
-0.9769486061
-0.9790344699
-0.9810224311
-0.9829122908
-0.9847038601
-0.9863969598
-0.9879914207
-0.9894870833
-0.9908837979
-0.9921814250
-0.9933798348
-0.9944789075
-0.9954785330
-0.9963786116
-0.9971790531
-0.9978797776
-0.9984807149
-0.9989818049
-0.9993829977
-0.9996842529
-0.9998855406
-0.9999868405
-0.9999881426
-0.9998894467
-0.9996907627
-0.9993921104
-0.9989935198
-0.9984950307
-0.9978966928
-0.9971985662
-0.9964007205
-0.9955032356
-0.9945062012
-0.9934097170
-0.9922138926
-0.9909188477
-0.9895247117
-0.9880316241
-0.9864397341
-0.9847492010
-0.9829601938
-0.9810728914
-0.9790874825
-0.9770041657
-0.9748231493
-0.9725446514
-0.9701688998
-0.9676961321
-0.9651265957
-0.9624605474
-0.9596982538
-0.9568399912
-0.9538860454
-0.9508367118
-0.9476922953
-0.9444531104
-0.9411194809
-0.9376917403
-0.9341702313
-0.9305553060
-0.9268473260
-0.9230466621
-0.9191536942
-0.9151688117
-0.9110924131
-0.9069249061
-0.9026667073
-0.8983182426
-0.8938799468
-0.8893522637
-0.8847356462
-0.8800305558
-0.8752374631
-0.8703568474
-0.8653891968
-0.8603350079
-0.8551947863
-0.8499690459
-0.8446583093
-0.8392631075
-0.8337839802
-0.8282214752
-0.8225761487
-0.8168485652
-0.8110392976
-0.8051489268
-0.7991780417
-0.7931272395
-0.7869971252
-0.7807883118
-0.7745014203
-0.7681370793
-0.7616959252
-0.7551786022
-0.7485857619
-0.7419180637
-0.7351761743
-0.7283607678
-0.7214725259
-0.7145121374
-0.7074802982
-0.7003777116
-0.6932050879
-0.6859631441
-0.6786526047
-0.6712742005
-0.6638286695
-0.6563167562
-0.6487392117
-0.6410967939
-0.6333902669
-0.6256204014
-0.6177879744
-0.6098937691
-0.6019385750
-0.5939231875
-0.5858484081
-0.5777150444
-0.5695239097
-0.5612758231
-0.5529716094
-0.5446120989
-0.5361981277
-0.5277305372
-0.5192101740
-0.5106378902
-0.5020145431
-0.4933409950
-0.4846181131
-0.4758467699
-0.4670278423
-0.4581622124
-0.4492507666
-0.4402943961
-0.4312939966
-0.4222504680
-0.4131647147
-0.4040376453
-0.3948701725
-0.3856632130
-0.3764176874
-0.3671345205
-0.3578146403
-0.3484589790
-0.3390684721
-0.3296440587
-0.3201866811
-0.3106972851
-0.3011768196
-0.2916262367
-0.2820464915
-0.2724385418
-0.2628033484
-0.2531418750
-0.2434550876
-0.2337439549
-0.2240094480
-0.2142525403
-0.2044742075
-0.1946754275
-0.1848571802
-0.1750204472
-0.1651662124
-0.1552954610
-0.1454091803
-0.1355083588
-0.1255939865
-0.1156670549
-0.1057285568
-0.0957794858
-0.0858208370
-0.0758536062
-0.0658787901
-0.0558973862
-0.0459103925
-0.0359188079
-0.0259236314
-0.0159258626
-0.0059265012
0.0040734528
0.0140729995
0.0240711389
0.0340668713
0.0440591969
0.0540471167
0.0640296318
0.0740057440
0.0839744557
0.0939347700
0.1038856909
0.1138262233
0.1237553732
0.1336721477
0.1435755551
0.1534646050
0.1633383086
0.1731956785
0.1830357290
0.1928574760
0.2026599375
0.2124421332
0.2222030848
0.2319418162
0.2416573537
0.2513487257
0.2610149630
0.2706550990
0.2802681698
0.2898532139
0.2994092730
0.3089353914
0.3184306165
0.3278939988
0.3373245920
0.3467214530
0.3560836422
0.3654102233
0.3747002636
0.3839528343
0.3931670100
0.4023418693
0.4114764948
0.4205699730
0.4296213945
0.4386298542
0.4475944513
0.4565142894
0.4653884764
0.4742161249
0.4829963522
0.4917282803
0.5004110360
0.5090437509
0.5176255620
0.5261556109
0.5346330446
0.5430570156
0.5514266812
0.5597412047
0.5679997545
0.5762015048
0.5843456355
0.5924313320
0.6004577859
0.6084241946
0.6163297613
0.6241736956
0.6319552130
0.6396735354
0.6473278910
0.6549175144
0.6624416465
0.6698995351
0.6772904342
0.6846136049
0.6918683147
0.6990538384
0.7061694572
0.7132144596
0.7201881412
0.7270898046
0.7339187597
0.7406743234
0.7473558203
0.7539625823
0.7604939487
0.7669492663
0.7733278896
0.7796291807
0.7858525096
0.7919972539
0.7980627991
0.8040485387
0.8099538742
0.8157782149
0.8215209785
0.8271815906
0.8327594853
0.8382541047
0.8436648995
0.8489913284
0.8542328589
0.8593889669
0.8644591366
0.8694428612
0.8743396422
0.8791489899
0.8838704235
0.8885034708
0.8930476685
0.8975025622
0.9018677064
0.9061426645
0.9103270091
0.9144203218
0.9184221932
0.9223322232
0.9261500207
0.9298752040
0.9335074005
0.9370462471
0.9404913898
0.9438424842
0.9470991951
0.9502611968
0.9533281733
0.9562998177
0.9591758330
0.9619559314
0.9646398351
0.9672272756
0.9697179941
0.9721117417
0.9744082789
0.9766073761
0.9787088134
0.9807123806
0.9826178774
0.9844251132
0.9861339073
0.9877440889
0.9892554968
0.9906679801
0.9919813973
0.9931956173
0.9943105185
0.9953259895
0.9962419288
0.9970582446
0.9977748555
0.9983916897
0.9989086856
0.9993257915
0.9996429656
0.9998601762
0.9999774016
0.9999946302
0.9999118601
0.9997290997
0.9994463672
0.9990636908
0.9985811090
0.9979986699
0.9973164317
0.9965344627
0.9956528411
0.9946716551
0.9935910027
0.9924109920
0.9911317411
0.9897533778
0.9882760400
0.9866998754
0.9850250417
0.9832517063
0.9813800465
0.9794102496
0.9773425124
0.9751770418
0.9729140543
0.9705537762
0.9680964435
0.9655423020
0.9628916071
0.9601446238
0.9573016269
0.9543629006
0.9513287388
0.9481994449
0.9449753319
0.9416567221
0.9382439474
0.9347373491
0.9311372779
0.9274440937
0.9236581659
0.9197798730
0.9158096029
0.9117477526
0.9075947283
0.9033509453
0.8990168279
0.8945928096
0.8900793328
0.8854768487
0.8807858178
0.8760067089
0.8711400002
0.8661861781
0.8611457382
0.8560191844
0.8508070294
0.8455097944
0.8401280092
0.8346622118
0.8291129489
0.8234807754
0.8177662545
0.8119699577
0.8060924645
0.8001343628
0.7940962483
0.7879787249
0.7817824042
0.7755079059
0.7691558575
0.7627268942
0.7562216588
0.7496408018
0.7429849815
0.7362548632
0.7294511200
0.7225744324
0.7156254879
0.7086049814
0.7015136151
0.6943520980
0.6871211462
0.6798214829
0.6724538380
0.6650189483
0.6575175573
0.6499504150
0.6423182783
0.6346219102
0.6268620805
0.6190395651
0.6111551463
0.6032096124
0.5952037581
0.5871383839
0.5790142964
0.5708323079
0.5625932367
0.5542979066
0.5459471472
0.5375417935
0.5290826861
0.5205706709
0.5120065990
0.5033913269
0.4947257161
0.4860106331
0.4772469495
0.4684355416
0.4595772905
0.4506730820
0.4417238067
0.4327303593
0.4236936392
0.4146145502
0.4054940000
0.3963329007
0.3871321685
0.3778927234
0.3686154894
0.3593013941
0.3499513690
0.3405663490
0.3311472726
0.3216950819
0.3122107218
0.3026951410
0.2931492909
0.2835741261
0.2739706042
0.2643396854
0.2546823328
0.2449995123
0.2352921920
0.2255613427
0.2158079374
0.2060329515
0.1962373625
0.1864221499
0.1765882952
0.1667367819
0.1568685950
0.1469847215
0.1370861495
0.1271738691
0.1172488713
0.1073121488
0.0973646952
0.0874075051
0.0774415744
0.0674678996
0.0574874781
0.0475013079
0.0375103875
0.0275157162
0.0175182933
0.0075191186
-0.0024808080
-0.0124804865
-0.0224789170
-0.0324750996
-0.0424680347
-0.0524567231
-0.0624401658
-0.0724173646
-0.0823873217
-0.0923490401
-0.1023015237
-0.1122437772
-0.1221748065
-0.1320936184
-0.1419992210
-0.1518906238
-0.1617668377
-0.1716268750
-0.1814697498
-0.1912944777
-0.2011000764
-0.2108855653
-0.2206499657
-0.2303923014
-0.2401115980
-0.2498068836
-0.2594771888
-0.2691215464
-0.2787389921
-0.2883285642
-0.2978893037
-0.3074202544
-0.3169204634
-0.3263889806
-0.3358248592
-0.3452271556
-0.3545949296
-0.3639272443
-0.3732231666
-0.3824817670
-0.3917021194
-0.4008833020
-0.4100243966
-0.4191244891
-0.4281826695
-0.4371980320
-0.4461696750
-0.4550967015
-0.4639782186
-0.4728133383
-0.4816011771
-0.4903408562
-0.4990315016
-0.5076722442
-0.5162622201
-0.5248005701
-0.5332864406
-0.5417189828
-0.5500973536
-0.5584207151
-0.5666882350
-0.5748990866
-0.5830524487
-0.5911475061
-0.5991834492
-0.6071594745
-0.6150747843
-0.6229285872
-0.6307200977
-0.6384485367
-0.6461131314
-0.6537131154
-0.6612477286
-0.6687162175
-0.6761178354
-0.6834518421
-0.6907175041
-0.6979140950
-0.7050408950
-0.7120971916
-0.7190822790
-0.7259954588
-0.7328360396
-0.7396033375
-0.7462966756
-0.7529153847
-0.7594588029
-0.7659262759
-0.7723171568
-0.7786308067
-0.7848665941
-0.7910238956
-0.7971020953
-0.8031005854
-0.8090187662
-0.8148560458
-0.8206118404
-0.8262855746
-0.8318766809
-0.8373846002
-0.8428087817
-0.8481486831
-0.8534037703
-0.8585735178
-0.8636574087
-0.8686549346
-0.8735655957
-0.8783889010
-0.8831243681
-0.8877715235
-0.8923299025
-0.8967990493
-0.9011785169
-0.9054678674
-0.9096666718
-0.9137745104
-0.9177909723
-0.9217156558
-0.9255481685
-0.9292881272
-0.9329351579
-0.9364888958
-0.9399489856
-0.9433150813
-0.9465868463
-0.9497639534
-0.9528460848
-0.9558329325
-0.9587241977
-0.9615195912
-0.9642188336
-0.9668216549
-0.9693277948
-0.9717370028
-0.9740490379
-0.9762636689
-0.9783806743
-0.9803998425
-0.9823209715
-0.9841438692
-0.9858683534
-0.9874942516
-0.9890214011
-0.9904496493
-0.9917788534
-0.9930088805
-0.9941396075
-0.9951709213
-0.9961027189
-0.9969349070
-0.9976674025
-0.9983001321
-0.9988330325
-0.9992660504
-0.9995991426
-0.9998322756
-0.9999654263
-0.9999985813
-0.9999317372
-0.9997649008
-0.9994980887
-0.9991313277
-0.9986646544
-0.9980981154
-0.9974317675
-0.9966656772
-0.9957999211
-0.9948345859
-0.9937697681
-0.9926055741
-0.9913421204
-0.9899795334
-0.9885179491
-0.9869575140
-0.9852983838
-0.9835407247
-0.9816847123
-0.9797305323
-0.9776783800
-0.9755284607
-0.9732809894
-0.9709361908
-0.9684942993
-0.9659555593
-0.9633202245
-0.9605885585
-0.9577608344
-0.9548373350
-0.9518183527
-0.9487041894
-0.9454951564
-0.9421915747
-0.9387937746
-0.9353020960
-0.9317168879
-0.9280385088
-0.9242673268
-0.9204037187
-0.9164480711
-0.9124007794
-0.9082622483
-0.9040328919
-0.8997131328
-0.8953034033
-0.8908041441
-0.8862158052
-0.8815388455
-0.8767737327
-0.8719209432
-0.8669809624
-0.8619542841
-0.8568414112
-0.8516428548
-0.8463591349
-0.8409907798
-0.8355383262
-0.8300023196
-0.8243833134
-0.8186818695
-0.8128985582
-0.8070339576
-0.8010886544
-0.7950632429
-0.7889583258
-0.7827745136
-0.7765124245
-0.7701726848
-0.7637559285
-0.7572627972
-0.7506939403
-0.7440500146
-0.7373316846
-0.7305396219
-0.7236745060
-0.7167370232
-0.7097278672
-0.7026477391
-0.6954973468
-0.6882774054
-0.6809886367
-0.6736317698
-0.6662075403
-0.6587166905
-0.6511599697
-0.6435381334
-0.6358519438
-0.6281021695
-0.6202895856
-0.6124149732
-0.6044791198
-0.5964828190
-0.5884268704
-0.5803120797
-0.5721392582
-0.5639092233
-0.5556227979
-0.5472808106
-0.5388840958
-0.5304334930
-0.5219298473
-0.5133740091
-0.5047668338
-0.4961091824
-0.4874019204
-0.4786459186
-0.4698420526
-0.4609912028
-0.4520942543
-0.4431520967
-0.4341656243
-0.4251357357
-0.4160633339
-0.4069493261
-0.3977946237
-0.3886001421
-0.3793668009
-0.3700955233
-0.3607872365
-0.3514428712
-0.3420633619
-0.3326496466
-0.3232026666
-0.3137233667
-0.3042126946
-0.2946716015
-0.2851010415
-0.2755019716
-0.2658753518
-0.2562221447
-0.2465433155
-0.2368398322
-0.2271126652
-0.2173627870
-0.2075911728
-0.1977987996
-0.1879866467
-0.1781556953
-0.1683069285
-0.1584413311
-0.1485598898
-0.1386635925
-0.1287534290
-0.1188303903
-0.1088954687
-0.0989496576
-0.0889939516
-0.0790293462
-0.0690568380
-0.0590774242
-0.0490921027
-0.0391018720
-0.0291077312
-0.0191106796
-0.0091117170
0.0008881568
0.0108879418
0.0208866380
0.0308832455
0.0408767648
0.0508661964
0.0608505414
0.0708288015
0.0807999787
0.0907630759
0.1007170970
0.1106610464
0.1205939298
0.1305147539
0.1404225267
0.1503162573
0.1601949564
0.1700576362
0.1799033103
0.1897309942
0.1995397052
0.2093284624
0.2190962870
0.2288422021
0.2385652331
0.2482644078
0.2579387563
0.2675873112
0.2772091075
0.2868031831
0.2963685787
0.3059043377
0.3154095064
0.3248831345
0.3343242746
0.3437319825
0.3531053175
0.3624433422
0.3717451229
0.3810097294
0.3902362353
0.3994237179
0.4085712584
0.4176779421
0.4267428584
0.4357651008
0.4447437670
0.4536779592
0.4625667840
0.4714093525
0.4802047804
0.4889521883
0.4976507014
0.5062994498
0.5148975687
0.5234441982
0.5319384838
0.5403795760
0.5487666306
0.5570988091
0.5653752781
0.5735952101
0.5817577831
0.5898621807
0.5979075926
0.6058932143
0.6138182471
0.6216818987
0.6294833825
0.6372219186
0.6448967329
0.6525070582
0.6600521333
0.6675312037
0.6749435216
0.6822883456
0.6895649414
0.6967725813
0.7039105445
0.7109781173
0.7179745928
0.7248992714
0.7317514608
0.7385304756
0.7452356379
0.7518662773
0.7584217308
0.7649013427
0.7713044650
0.7776304576
0.7838786878
0.7900485308
0.7961393695
0.8021505950
0.8080816061
0.8139318098
0.8197006209
0.8253874626
0.8309917663
0.8365129715
0.8419505261
0.8473038863
0.8525725169
0.8577558909
0.8628534901
0.8678648046
0.8727893333
0.8776265839
0.8823760725
0.8870373243
0.8916098730
0.8960932616
0.9004870415
0.9047907735
0.9090040271
0.9131263812
0.9171574233
0.9210967505
0.9249439687
0.9286986933
0.9323605489
0.9359291691
0.9394041972
0.9427852857
0.9460720965
0.9492643008
0.9523615794
0.9553636228
0.9582701305
0.9610808120
0.9637953863
0.9664135818
0.9689351368
0.9713597990
0.9736873261
0.9759174853
0.9780500535
0.9800848175
0.9820215739
0.9838601289
0.9856002988
0.9872419094
0.9887847967
0.9902288063
0.9915737939
0.9928196249
0.9939661747
0.9950133288
0.9959609824
0.9968090407
0.9975574189
0.9982060422
0.9987548458
0.9992037747
0.9995527840
0.9998018389
0.9999509145
0.9999999958
0.9999490779
0.9997981660
0.9995472750
0.9991964302
0.9987456666
0.9981950292
0.9975445732
0.9967943635
0.9959444753
0.9949949934
0.9939460128
0.9927976385
0.9915499852
0.9902031778
0.9887573508
0.9872126490
0.9855692267
0.9838272483
0.9819868880
0.9800483299
0.9780117677
0.9758774052
0.9736454557
0.9713161425
0.9688896985
0.9663663663
0.9637463983
0.9610300565
0.9582176124
0.9553093474
0.9523055523
0.9492065274
0.9460125826
0.9427240374
0.9393412205
0.9358644703
0.9322941345
0.9286305700
0.9248741432
0.9210252298
0.9170842146
0.9130514918
0.9089274645
0.9047125453
0.9004071556
0.8960117259
0.8915266958
0.8869525138
0.8822896373
0.8775385325
0.8726996746
0.8677735475
0.8627606437
0.8576614646
0.8524765200
0.8472063285
0.8418514171
0.8364123213
0.8308895849
0.8252837602
0.8195954079
0.8138250967
0.8079734037
0.8020409140
0.7960282208
0.7899359256
0.7837646374
0.7775149733
0.7711875585
0.7647830255
0.7583020148
0.7517451746
0.7451131605
0.7384066357
0.7316262708
0.7247727439
0.7178467404
0.7108489528
0.7037800809
0.6966408315
0.6894319187
0.6821540632
0.6748079929
0.6673944424
0.6599141529
0.6523678726
0.6447563561
0.6370803645
0.6293406653
0.6215380326
0.6136732467
0.6057470939
0.5977603669
0.5897138644
0.5816083910
0.5734447572
0.5652237794
0.5569462797
0.5486130859
0.5402250312
0.5317829545
0.5232876999
0.5147401169
0.5061410604
0.4974913902
0.4887919713
0.4800436736
0.4712473719
0.4624039459
0.4535142798
0.4445792627
0.4355997881
0.4265767538
0.4175110623
0.4084036199
0.3992553376
0.3900671300
0.3808399161
0.3715746185
0.3622721637
0.3529334820
0.3435595073
0.3341511768
0.3247094316
0.3152352157
0.3057294765
0.2961931646
0.2866272337
0.2770326403
0.2674103438
0.2577613066
0.2480864934
0.2383868717
0.2286634116
0.2189170854
0.2091488676
0.1993597351
0.1895506668
0.1797226435
0.1698766482
0.1600136654
0.1501346813
0.1402406838
0.1303326624
0.1204116079
0.1104785123
0.1005343689
0.0905801722
0.0806169176
0.0706456013
0.0606672205
0.0506827730
0.0406932573
0.0306996724
0.0207030174
0.0107042922
0.0007044966
-0.0092953695
-0.0192943060
-0.0292913131
-0.0392853912
-0.0492755407
-0.0592607627
-0.0692400587
-0.0792124307
-0.0891768816
-0.0991324148
-0.1090780349
-0.1190127473
-0.1289355585
-0.1388454762
-0.1487415095
-0.1586226688
-0.1684879660
-0.1783364145
-0.1881670295
-0.1979788279
-0.2077708287
-0.2175420525
-0.2272915223
-0.2370182631
-0.2467213023
-0.2563996696
-0.2660523972
-0.2756785197
-0.2852770746
-0.2948471020
-0.3043876450
-0.3138977494
-0.3233764644
-0.3328228419
-0.3422359375
-0.3516148097
-0.3609585208
-0.3702661363
-0.3795367255
-0.3887693613
-0.3979631206
-0.4071170838
-0.4162303357
-0.4253019649
-0.4343310642
-0.4433167309
-0.4522580662
-0.4611541760
-0.4700041709
-0.4788071657
-0.4875622802
-0.4962686389
-0.5049253711
-0.5135316112
-0.5220864986
-0.5305891778
-0.5390387984
-0.5474345157
-0.5557754900
-0.5640608871
-0.5722898787
-0.5804616417
-0.5885753591
-0.5966302194
-0.6046254172
-0.6125601530
-0.6204336332
-0.6282450706
-0.6359936841
-0.6436786986
-0.6512993459
-0.6588548638
-0.6663444967
-0.6737674957
-0.6811231185
-0.6884106296
-0.6956293002
-0.7027784085
-0.7098572395
-0.7168650854
-0.7238012453
-0.7306650258
-0.7374557403
-0.7441727099
-0.7508152628
-0.7573827348
-0.7638744692
-0.7702898168
-0.7766281361
-0.7828887931
-0.7890711620
-0.7951746244
-0.8011985699
-0.8071423963
-0.8130055092
-0.8187873221
-0.8244872570
-0.8301047439
-0.8356392210
-0.8410901348
-0.8464569404
-0.8517391010
-0.8569360883
-0.8620473828
-0.8670724732
-0.8720108571
-0.8768620407
-0.8816255388
-0.8863008751
-0.8908875820
-0.8953852009
-0.8997932820
-0.9041113846
-0.9083390767
-0.9124759357
-0.9165215479
-0.9204755087
-0.9243374227
-0.9281069037
-0.9317835749
-0.9353670684
-0.9388570260
-0.9422530987
-0.9455549469
-0.9487622403
-0.9518746583
-0.9548918897
-0.9578136327
-0.9606395951
-0.9633694943
-0.9660030574
-0.9685400210
-0.9709801314
-0.9733231445
-0.9755688262
-0.9777169518
-0.9797673066
-0.9817196854
-0.9835738931
-0.9853297442
-0.9869870631
-0.9885456842
-0.9900054515
-0.9913662191
-0.9926278509
-0.9937902207
-0.9948532124
-0.9958167196
-0.9966806459
-0.9974449049
-0.9981094204
-0.9986741257
-0.9991389644
-0.9995038901
-0.9997688662
-0.9999338663
-0.9999988738
-0.9999638822
-0.9998288951
-0.9995939260
-0.9992589982
-0.9988241454
-0.9982894111
-0.9976548486
-0.9969205215
-0.9960865031
-0.9951528769
-0.9941197363
-0.9929871845
-0.9917553349
-0.9904243105
-0.9889942445
-0.9874652799
-0.9858375697
-0.9841112764
-0.9822865729
-0.9803636415
-0.9783426746
-0.9762238743
-0.9740074523
-0.9716936304
-0.9692826400
-0.9667747221
-0.9641701276
-0.9614691168
-0.9586719600
-0.9557789367
-0.9527903363
-0.9497064577
-0.9465276093
-0.9432541088
-0.9398862838
-0.9364244709
-0.9328690163
-0.9292202756
-0.9254786137
-0.9216444046
-0.9177180319
-0.9136998882
-0.9095903752
-0.9053899040
-0.9010988945
-0.8967177758
-0.8922469862
-0.8876869726
-0.8830381910
-0.8783011064
-0.8734761923
-0.8685639314
-0.8635648148
-0.8584793425
-0.8533080229
-0.8480513732
-0.8427099191
-0.8372841947
-0.8317747426
-0.8261821137
-0.8205068673
-0.8147495709
-0.8089108002
-0.8029911391
-0.7969911796
-0.7909115216
-0.7847527731
-0.7785155500
-0.7722004760
-0.7658081825
-0.7593393089
-0.7527945020
-0.7461744163
-0.7394797138
-0.7327110639
-0.7258691435
-0.7189546368
-0.7119682352
-0.7049106374
-0.6977825491
-0.6905846832
-0.6833177593
-0.6759825043
-0.6685796516
-0.6611099414
-0.6535741208
-0.6459729434
-0.6383071692
-0.6305775648
-0.6227849032
-0.6149299636
-0.6070135315
-0.5990363985
-0.5909993625
-0.5829032270
-0.5747488016
-0.5665369019
-0.5582683489
-0.5499439696
-0.5415645963
-0.5331310670
-0.5246442251
-0.5161049191
-0.5075140031
-0.4988723361
-0.4901807824
-0.4814402109
-0.4726514958
-0.4638155160
-0.4549331550
-0.4460053010
-0.4370328470
-0.4280166899
-0.4189577316
-0.4098568779
-0.4007150388
-0.3915331285
-0.3823120652
-0.3730527711
-0.3637561720
-0.3544231976
-0.3450547811
-0.3356518595
-0.3262153729
-0.3167462651
-0.3072454829
-0.2977139765
-0.2881526989
-0.2785626062
-0.2689446575
-0.2592998146
-0.2496290420
-0.2399333066
-0.2302135781
-0.2204708284
-0.2107060318
-0.2009201648
-0.1911142060
-0.1812891359
-0.1714459370
-0.1615855937
-0.1517090919
-0.1418174194
-0.1319115652
-0.1219925200
-0.1120612757
-0.1021188253
-0.0921661631
-0.0822042844
-0.0722341853
-0.0622568629
-0.0522733148
-0.0422845394
-0.0322915357
-0.0222953028
-0.0122968403
-0.0022971482
0.0077027736
0.0177019251
0.0276993065
0.0376939179
0.0476847600
0.0576708337
0.0676511403
0.0776246818
0.0875904610
0.0975474812
0.1074947467
0.1174312628
0.1273560359
0.1372680735
0.1471663845
0.1570499788
0.1669178684
0.1767690663
0.1866025874
0.1964174484
0.2062126678
0.2159872662
0.2257402660
0.2354706919
0.2451775710
0.2548599326
0.2645168083
0.2741472326
0.2837502424
0.2933248774
0.3028701802
0.3123851962
0.3218689739
0.3313205650
0.3407390244
0.3501234101
0.3594727837
0.3687862104
0.3780627588
0.3873015012
0.3965015138
0.4056618766
0.4147816735
0.4238599926
0.4328959260
0.4418885702
0.4508370259
0.4597403983
0.4685977971
0.4774083364
0.4861711353
0.4948853176
0.5035500116
0.5121643511
0.5207274746
0.5292385258
0.5376966536
0.5461010122
0.5544507611
0.5627450654
0.5709830956
0.5791640280
0.5872870445
0.5953513328
0.6033560865
0.6113005050
0.6191837940
0.6270051652
0.6347638363
0.6424590316
0.6500899815
0.6576559230
0.6651560994
0.6725897608
0.6799561638
0.6872545717
0.6944842547
0.7016444899
0.7087345612
0.7157537596
0.7227013833
0.7295767374
0.7363791345
0.7431078942
0.7497623438
0.7563418178
0.7628456582
0.7692732147
0.7756238445
0.7818969126
0.7880917917
0.7942078622
0.8002445126
0.8062011392
0.8120771464
0.8178719465
0.8235849601
0.8292156159
0.8347633508
0.8402276101
0.8456078474
0.8509035245
0.8561141120
0.8612390889
0.8662779425
0.8712301690
0.8760952733
0.8808727688
0.8855621777
0.8901630311
0.8946748690
0.8990972401
0.9034297023
0.9076718223
0.9118231758
0.9158833477
0.9198519321
0.9237285321
0.9275127600
0.9312042374
0.9348025951
0.9383074733
0.9417185216
0.9450353988
0.9482577733
0.9513853228
0.9544177345
0.9573547053
0.9601959414
0.9629411587
0.9655900826
0.9681424484
0.9705980008
0.9729564941
0.9752176926
0.9773813702
0.9794473104
0.9814153067
0.9832851623
0.9850566902
0.9867297133
0.9883040642
0.9897795855
0.9911561297
0.9924335591
0.9936117460
0.9946905725
0.9956699308
0.9965497229
0.9973298609
0.9980102668
0.9985908724
0.9990716198
0.9994524609
0.9997333575
0.9999142817
0.9999952152
0.9999761501
0.9998570881
0.9996380413
0.9993190316
0.9989000907
0.9983812607
0.9977625934
0.9970441507
0.9962260044
0.9953082363
0.9942909382
0.9931742118
0.9919581689
0.9906429310
0.9892286296
0.9877154061
0.9861034120
0.9843928083
0.9825837662
0.9806764665
0.9786710999
0.9765678671
0.9743669783
0.9720686536
0.9696731229
0.9671806257
0.9645914112
0.9619057383
0.9591238757
0.9562461016
0.9532727035
0.9502039791
0.9470402350
0.9437817877
0.9404289629
0.9369820961
0.9334415319
0.9298076242
0.9260807366
0.9222612417
0.9183495214
0.9143459670
0.9102509787
0.9060649660
0.9017883476
0.8974215512
0.8929650133
0.8884191797
0.8837845049
0.8790614524
0.8742504944
0.8693521122
0.8643667955
0.8592950428
0.8541373613
0.8488942668
0.8435662835
0.8381539444
0.8326577905
0.8270783716
0.8214162455
0.8156719785
0.8098461449
0.8039393275
0.7979521167
0.7918851114
0.7857389183
0.7795141519
0.7732114348
0.7668313971
0.7603746770
0.7538419200
0.7472337795
0.7405509162
0.7337939984
0.7269637018
0.7200607095
0.7130857117
0.7060394059
0.6989224968
0.6917356960
0.6844797222
0.6771553010
0.6697631649
0.6623040530
0.6547787112
0.6471878921
0.6395323548
0.6318128648
0.6240301939
0.6161851206
0.6082784293
0.6003109107
0.5922833615
0.5841965844
0.5760513882
0.5678485873
0.5595890020
0.5512734583
0.5429027877
0.5344778272
0.5259994195
0.5174684122
0.5088856585
0.5002520167
0.4915683501
0.4828355270
0.4740544208
0.4652259096
0.4563508762
0.4474302080
0.4384647972
0.4294555403
0.4204033382
0.4113090962
0.4021737235
0.3929981338
0.3837832446
0.3745299775
0.3652392576
0.3559120141
0.3465491797
0.3371516907
0.3277204868
0.3182565111
0.3087607100
0.2992340331
0.2896774331
0.2800918656
0.2704782891
0.2608376650
0.2511709573
0.2414791328
0.2317631606
0.2220240122
0.2122626616
0.2024800849
0.1926772604
0.1828551683
0.1730147909
0.1631571121
0.1532831178
0.1433937952
0.1334901334
0.1235731227
0.1136437548
0.1037030226
0.0937519202
0.0837914427
0.0738225861
0.0638463473
0.0538637240
0.0438757143
0.0338833170
0.0238875315
0.0138893572
0.0038897940
-0.0061101581
-0.0161094993
-0.0261072295
-0.0361023490
-0.0460938584
-0.0560807583
-0.0660620503
-0.0760367361
-0.0860038182
-0.0959623001
-0.1059111858
-0.1158494805
-0.1257761904
-0.1356903227
-0.1455908861
-0.1554768905
-0.1653473474
-0.1752012697
-0.1850376720
-0.1948555707
-0.2046539840
-0.2144319320
-0.2241884371
-0.2339225235
-0.2436332178
-0.2533195490
-0.2629805485
-0.2726152501
-0.2822226905
-0.2918019088
-0.3013519471
-0.3108718506
-0.3203606671
-0.3298174477
-0.3392412470
-0.3486311223
-0.3579861349
-0.3673053491
-0.3765878331
-0.3858326587
-0.3950389013
-0.4042056403
-0.4133319591
-0.4224169451
-0.4314596897
-0.4404592887
-0.4494148422
-0.4583254545
-0.4671902347
-0.4760082962
-0.4847787573
-0.4935007409
-0.5021733749
-0.5107957920
-0.5193671299
-0.5278865315
-0.5363531449
-0.5447661234
-0.5531246258
-0.5614278162
-0.5696748642
-0.5778649453
-0.5859972403
-0.5940709361
-0.6020852253
-0.6100393065
-0.6179323843
-0.6257636693
-0.6335323785
-0.6412377350
-0.6488789682
-0.6564553141
-0.6639660150
-0.6714103199
-0.6787874842
-0.6860967704
-0.6933374475
-0.7005087915
-0.7076100851
-0.7146406183
-0.7215996880
-0.7284865984
-0.7353006607
-0.7420411936
-0.7487075230
-0.7552989822
-0.7618149122
-0.7682546613
-0.7746175856
-0.7809030488
-0.7871104223
-0.7932390855
-0.7992884253
-0.8052578371
-0.8111467237
-0.8169544963
-0.8226805741
-0.8283243846
-0.8338853633
-0.8393629542
-0.8447566094
-0.8500657898
-0.8552899642
-0.8604286104
-0.8654812144
-0.8704472710
-0.8753262836
-0.8801177644
-0.8848212340
-0.8894362223
-0.8939622678
-0.8983989177
-0.9027457285
-0.9070022654
-0.9111681029
-0.9152428244
-0.9192260223
-0.9231172984
-0.9269162635
-0.9306225378
-0.9342357506
-0.9377555406
-0.9411815558
-0.9445134537
-0.9477509010
-0.9508935740
-0.9539411584
-0.9568933495
-0.9597498521
-0.9625103805
-0.9651746586
-0.9677424201
-0.9702134082
-0.9725873757
-0.9748640853
-0.9770433093
-0.9791248298
-0.9811084386
-0.9829939374
-0.9847811376
-0.9864698605
-0.9880599373
-0.9895512089
-0.9909435262
-0.9922367499
-0.9934307509
-0.9945254095
-0.9955206165
-0.9964162722
-0.9972122871
-0.9979085817
-0.9985050862
-0.9990017410
-0.9993984965
-0.9996953130
-0.9998921607
-0.9999890201
-0.9999858814
-0.9998827450
-0.9996796211
-0.9993765301
-0.9989735023
-0.9984705779
-0.9978678074
-0.9971652509
-0.9963629786
-0.9954610710
-0.9944596180
-0.9933587199
-0.9921584868
-0.9908590386
-0.9894605054
-0.9879630269
-0.9863667530
-0.9846718432
-0.9828784670
-0.9809868038
-0.9789970428
-0.9769093829
-0.9747240328
-0.9724412112
-0.9700611462
-0.9675840759
-0.9650102481
-0.9623399200
-0.9595733587
-0.9567108409
-0.9537526528
-0.9506990902
-0.9475504585
-0.9443070725
-0.9409692567
-0.9375373447
-0.9340116797
-0.9303926144
-0.9266805105
-0.9228757394
-0.9189786815
-0.9149897265
-0.9109092732
-0.9067377298
-0.9024755134
-0.8981230502
-0.8936807754
-0.8891491333
-0.8845285770
-0.8798195686
-0.8750225790
-0.8701380878
-0.8651665836
-0.8601085634
-0.8549645331
-0.8497350071
-0.8444205082
-0.8390215680
-0.8335387264
-0.8279725315
-0.8223235401
-0.8165923171
-0.8107794355
-0.8048854766
-0.7989110298
-0.7928566926
-0.7867230704
-0.7805107766
-0.7742204323
-0.7678526666
-0.7614081163
-0.7548874258
-0.7482912472
-0.7416202401
-0.7348750716
-0.7280564162
-0.7211649558
-0.7142013794
-0.7071663836
-0.7000606716
-0.6928849542
-0.6856399489
-0.6783263802
-0.6709449793
-0.6634964846
-0.6559816407
-0.6484011993
-0.6407559182
-0.6330465621
-0.6252739019
-0.6174387148
-0.6095417843
-0.6015839002
-0.5935658581
-0.5854884600
-0.5773525135
-0.5691588323
-0.5609082357
-0.5526015486
-0.5442396019
-0.5358232317
-0.5273532796
-0.5188305927
-0.5102560231
-0.5016304283
-0.4929546709
-0.4842296184
-0.4754561434
-0.4666351232
-0.4577674398
-0.4488539801
-0.4398956354
-0.4308933014
-0.4218478785
-0.4127602712
-0.4036313881
-0.3944621423
-0.3852534506
-0.3760062338
-0.3667214168
-0.3573999279
-0.3480426993
-0.3386506667
-0.3292247694
-0.3197659498
-0.3102751539
-0.3007533308
-0.2912014326
-0.2816204145
-0.2720112345